Gene	Transcript	ACA_count	ACA_tpm	GCC_count	GCC_tpm	WTS1_count	WTS1_tpm	WTS2_count	WTS2_tpm	reps_mean	reps_qval	reps_beta
Dnah7c	ENSMUST00000187094	2.0	0.1331	0.0	0.0	0.0	0.0	0.0	0.0	Missing
Igkv8-28	ENSMUST00000103380	0.0	0.0	0.0	0.0	0.0	0.0	0.0	0.0	Missing
Ighv1-47	ENSMUST00000103518	0.0	0.0	0.0	0.0	0.0	0.0	0.0	0.0	Missing
Tmsb10	ENSMUST00000114050	21432.4	2309.05	13812.2	1785.26	22065.0	2371.99	32215.7	2735.61	Missing
Pcdhgb8	ENSMUST00000195764	18.8894	0.1921	50.5352	0.5973	90.1511	0.8974	85.1512	0.6858	Missing
Ighv16-1	ENSMUST00000195641	0.0	0.0	0.0	0.0	0.0	0.0	0.0	0.0	Missing
Cfap77	ENSMUST00000113843	0.0	0.0	0.0	0.0	0.0	0.0	0.0	0.0	Missing
Hyi	ENSMUST00000106393	431.877	28.2451	268.727	20.7932	320.2	20.7194	390.492	20.17	Missing
Slc31a2	ENSMUST00000107467	8.7004	0.5492	0.0	0.0	18.464	1.1527	9.1579	0.4566	Missing
Cstad	ENSMUST00000102853	102.0	6.9097	86.0	6.8978	51.0	3.4198	79.0	4.2261	Missing
Peg10	ENSMUST00000166678	0.0	0.0	0.0	0.0	0.0	0.0	0.0	0.0	Missing
Trav14d-1	ENSMUST00000181038	0.0	0.0	0.0	0.0	0.0	0.0	0.0	0.0	Missing
Slc31a2	ENSMUST00000107468	0.0	0.0	0.0	0.0	0.0	0.0	0.0	0.0	Missing
Eif5a2	ENSMUST00000060500	289.0	2.6904	296.0	3.2022	396.0	3.6086	451.0	3.3258	Missing
Ighv6-7	ENSMUST00000193397	0.0	0.0	0.0	0.0	0.0	0.0	0.0	0.0	Missing
mt-Co3	ENSMUST00000082409	88743.8	6342.84	76089.7	6446.86	95745.9	6778.66	102519.0	5785.2	Missing
Ighd5-2	ENSMUST00000179166	0.0	0.0	0.0	0.0	0.0	0.0	0.0	0.0	Missing
Dnah7c	ENSMUST00000189749	0.0	0.0	4.5241	0.0198	23.601	0.0869	25.5091	0.0761	Missing
Ighd	ENSMUST00000194162	1.0	0.0274	0.0	0.0	0.0	0.0	0.0	0.0	Missing
mt-Atp8	ENSMUST00000082407	16221.6	10089.0	13108.5	10785.3	18216.4	11928.4	17721.1	8655.84	Missing
Myc	ENSMUST00000167731	226.376	6.1472	295.228	9.3695	302.799	8.0762	311.136	6.6864	Missing
Krt83	ENSMUST00000023718	13.6412	0.3854	0.0	0.0	2.0583	0.0571	5.9142	0.1322	Missing
mt-Co1	ENSMUST00000082402	245272.0	7976.81	210162.0	8001.78	266812.0	8531.66	267683.0	6887.64	Missing
Olfr625-ps1	ENSMUST00000190218	0.0	0.0	0.0	0.0	0.0	0.0	0.0	0.0	Missing
Bcorl1	ENSMUST00000142160	0.0	0.0	0.0	0.0	0.0	0.0	0.0	0.0	Missing
Ighv1-15	ENSMUST00000192077	0.0	0.0	0.0	0.0	0.0	0.0	0.0	0.0	Missing
Bpifc	ENSMUST00000061699	4.0	0.0708	13.0976	0.2702	4.2135	0.0731	6.299	0.0883	Missing
Chpf2	ENSMUST00000088295	803.023	6.9871	675.294	6.827	968.811	8.2507	1025.13	7.0659	Missing
Pi16	ENSMUST00000114699	59.968	2.4885	0.0	0.0	0.0	0.0	49.1195	1.6119	Missing
Ighv1-71	ENSMUST00000166645	0.0	0.0	0.0	0.0	0.0	0.0	0.0	0.0	Missing
Ighj4	ENSMUST00000103427	0.0	0.0	0.0	0.0	0.0	0.0	0.0	0.0	Missing
Ighm	ENSMUST00000103426	5.0	0.1689	27.0	1.0682	23.0	0.7641	25.0	0.6681	Missing
Psmd2	ENSMUST00000169195	13.5095	1.0253	1.3248	0.1194	20.3662	1.5324	6.7755	0.4059	Missing
Trav13d-1	ENSMUST00000103588	0.0	0.0	0.0	0.0	0.0	0.0	0.0	0.0	Missing
Trav14-3	ENSMUST00000103589	0.0	0.0	0.0	0.0	0.0	0.0	0.0	0.0	Missing
Ighg1	ENSMUST00000103420	0.0	0.0	0.0	0.0	0.0	0.0	0.0	0.0	Missing
Trav6-6	ENSMUST00000103584	0.0	0.0	0.0	0.0	0.0	0.0	0.0	0.0	Missing
Trav11	ENSMUST00000103585	0.0	0.0	0.0	0.0	0.0	0.0	0.0	0.0	Missing
missing	ENSMUST00000103586	0.0	0.0	0.0	0.0	0.0	0.0	0.0	0.0	Missing
Trav12n-1	ENSMUST00000103587	0.0	0.0	0.0	0.0	0.0	0.0	0.0	0.0	Missing
Trav8d-1	ENSMUST00000103580	0.0	0.0	0.0	0.0	0.0	0.0	0.0	0.0	Missing
Trav9-1	ENSMUST00000103581	0.0	0.0	0.0	0.0	0.0	0.0	0.0	0.0	Missing
H2-T10	ENSMUST00000174382	82.487	2.4162	25.7778	0.8831	24.8123	0.7142	87.658	2.0318	Missing
Ighj3	ENSMUST00000103428	0.0	0.0	0.0	0.0	0.0	0.0	0.0	0.0	Missing
Trav5n-4	ENSMUST00000179997	0.0	0.0	0.0	0.0	0.0	0.0	0.0	0.0	Missing
Igkv4-81	ENSMUST00000103340	0.0	0.0	0.0	0.0	0.0	0.0	0.0	0.0	Missing
Tctn3	ENSMUST00000132452	0.0	0.0	0.0	0.0	0.0	0.0	7.58	0.2425	Missing
Zfp229	ENSMUST00000065871	324.691	3.3693	283.142	3.4157	230.575	2.3426	84.0149	0.6906	Missing
Mycn	ENSMUST00000043396	0.0	0.0	0.0	0.0	0.0	0.0	0.0	0.0	Missing
Trav12n-3	ENSMUST00000179583	0.0	0.0	0.0	0.0	0.0	0.0	0.0	0.0	Missing
Cxcl11	ENSMUST00000077820	5.0934	0.1615	0.0	0.0	0.0	0.0	1.1946	0.03	Missing
Igkv3-7	ENSMUST00000103399	0.0	0.0	0.0	0.0	0.0	0.0	0.0	0.0	Missing
Igkv3-9	ENSMUST00000103398	0.0	0.0	0.0	0.0	0.0	0.0	0.0	0.0	Missing
Mx2	ENSMUST00000190447	0.0	0.0	0.0	0.0	0.0	0.0	31.8496	0.4918	Missing
Gm33815	ENSMUST00000194063	0.0	0.0	0.0	0.0	0.0	0.0	0.0	0.0	Missing
Igkv6-17	ENSMUST00000103391	0.0	0.0	0.0	0.0	0.0	0.0	0.0	0.0	Missing
Igkv8-18	ENSMUST00000103390	0.0	0.0	0.0	0.0	0.0	0.0	0.0	0.0	Missing
Igkv6-15	ENSMUST00000103393	0.0	0.0	0.0	0.0	0.0	0.0	0.0	0.0	Missing
Igkv8-16	ENSMUST00000103392	0.0	0.0	0.0	0.0	0.0	0.0	0.0	0.0	Missing
Igkv6-13	ENSMUST00000103395	0.0	0.0	0.0	0.0	0.0	0.0	0.0	0.0	Missing
Igkv6-14	ENSMUST00000103394	0.0	0.0	0.0	0.0	0.0	0.0	0.0	0.0	Missing
Igkv3-10	ENSMUST00000103397	0.0	0.0	0.0	0.0	0.0	0.0	0.0	0.0	Missing
Igkv3-12	ENSMUST00000103396	0.0	0.0	0.0	0.0	0.0	0.0	0.0	0.0	Missing
Calm1	ENSMUST00000127300	496.477	56.2933	692.071	94.3071	545.927	61.8267	713.579	63.7525	Missing
Trav6d-7	ENSMUST00000178650	0.0	0.0	0.0	0.0	0.0	0.0	0.0	0.0	Missing
Igfbp6	ENSMUST00000023807	9460.0	445.939	8686.0	481.598	8929.0	414.997	10830.0	403.594	Missing
Calm3	ENSMUST00000172594	0.0001	0.0	175.035	18.9861	0.0	0.0	498.985	35.7894	Missing
Pi16	ENSMUST00000155348	44.2674	1.1879	34.1933	1.0722	28.7085	0.7566	18.9615	0.4027	Missing
Ccdc97	ENSMUST00000154143	36.6352	1.6483	10.799	0.5711	2.7343	0.1212	47.2522	1.6809	Missing
Psmc4	ENSMUST00000126528	0.0	0.0	0.0	0.0	32.2733	3.1216	0.0	0.0	Missing
Tmsb10	ENSMUST00000144337	118.033	18.8203	104.029	20.2302	153.136	24.5836	393.724	49.3343	Missing
Gm13090	ENSMUST00000105667	0.0	0.0	0.0	0.0	0.0	0.0	0.0	0.0	Missing
Nomo1	ENSMUST00000033121	3734.87	41.2849	3968.16	51.0032	4871.38	52.7286	6568.16	57.5077	Missing
Kel	ENSMUST00000031899	0.0	0.0	0.0	0.0	0.0	0.0	0.0	0.0	Missing
Mroh3	ENSMUST00000168561	0.0	0.0	4.0	0.0863	0.0	0.0	0.0	0.0	Missing
Igkv15-103	ENSMUST00000103324	0.0	0.0	0.0	0.0	0.0	0.0	0.0	0.0	Missing
Igkv14-100	ENSMUST00000103325	0.0	0.0	0.0	0.0	0.0	0.0	0.0	0.0	Missing
Igkv1-99	ENSMUST00000103326	0.0	0.0	0.0	0.0	0.0	0.0	0.0	0.0	Missing
Igkv12-98	ENSMUST00000103327	0.0	0.0	0.0	0.0	0.0	0.0	0.0	0.0	Missing
Igkv14-111	ENSMUST00000103320	0.0	0.0	0.0	0.0	0.0	0.0	0.0	0.0	Missing
Igkv1-110	ENSMUST00000103321	0.0	0.0	0.0	0.0	0.0	0.0	0.0	0.0	Missing
Igkv2-109	ENSMUST00000103322	0.0	0.0	0.0	0.0	0.0	0.0	0.0	0.0	Missing
Igkv16-104	ENSMUST00000103323	0.0	0.0	0.0	0.0	0.0	0.0	0.0	0.0	Missing
Trav14d-1	ENSMUST00000187138	0.0	0.0	0.0	0.0	0.0	0.0	0.0	0.0	Missing
Igkv10-96	ENSMUST00000103328	0.0	0.0	0.0	0.0	0.0	0.0	0.0	0.0	Missing
Igkv10-95	ENSMUST00000103329	0.0	0.0	0.0	0.0	0.0	0.0	0.0	0.0	Missing
Ighv5-9-1	ENSMUST00000103452	0.0	0.0	0.0	0.0	0.0	0.0	0.0	0.0	Missing
Ighv5-12	ENSMUST00000103450	0.0	0.0	0.0	0.0	0.0	0.0	0.0	0.0	Missing
Ighv2-9	ENSMUST00000103451	0.0	0.0	0.0	0.0	0.0	0.0	0.0	0.0	Missing
Ighv2-7	ENSMUST00000103456	0.0	0.0	0.0	0.0	0.0	0.0	0.0	0.0	Missing
Ighv5-15	ENSMUST00000103457	0.0	0.0	0.0	0.0	0.0	0.0	0.0	0.0	Missing
Ighv2-6-8	ENSMUST00000103455	0.0	0.0	0.0	0.0	0.0	0.0	0.0	0.0	Missing
Ighv5-12-4	ENSMUST00000195381	0.0	0.0	0.0	0.0	0.0	0.0	0.0	0.0	Missing
Ighv1-34	ENSMUST00000103512	0.0	0.0	0.0	0.0	0.0	0.0	0.0	0.0	Missing
Ighv5-16	ENSMUST00000103458	0.0	0.0	0.0	0.0	0.0	0.0	0.0	0.0	Missing
Ighv5-17	ENSMUST00000103459	0.0	0.0	0.0	0.0	0.0	0.0	0.0	0.0	Missing
Ighv1-43	ENSMUST00000103517	0.0	0.0	0.0	0.0	0.0	0.0	0.0	0.0	Missing
Ighv1-42	ENSMUST00000103516	0.0	0.0	0.0	0.0	0.0	0.0	0.0	0.0	Missing
Ighv1-39	ENSMUST00000103515	0.0	0.0	0.0	0.0	0.0	0.0	0.0	0.0	Missing
Ighv1-37	ENSMUST00000103514	0.0	0.0	0.0	0.0	0.0	0.0	0.0	0.0	Missing
Trav7-2	ENSMUST00000103636	0.0	0.0	0.0	0.0	0.0	0.0	0.0	0.0	Missing
Trav4-2	ENSMUST00000103637	0.0	0.0	0.0	0.0	0.0	0.0	0.0	0.0	Missing
Trav13n-4	ENSMUST00000103634	0.0	0.0	0.0	0.0	0.0	0.0	0.0	0.0	Missing
Trav14n-3	ENSMUST00000103635	0.0	0.0	0.0	0.0	0.0	0.0	0.0	0.0	Missing
Trav8n-2	ENSMUST00000103632	0.0	0.0	0.0	0.0	0.0	0.0	0.0	0.0	Missing
Trav16n	ENSMUST00000103633	0.0	0.0	0.0	0.0	0.0	0.0	0.0	0.0	Missing
Traj1	ENSMUST00000103739	0.0	0.0	0.0	0.0	0.0	0.0	0.0	0.0	Missing
Traj2	ENSMUST00000103738	0.0	0.0	0.0	0.0	0.0	0.0	0.0	0.0	Missing
Traj3	ENSMUST00000103737	0.0	0.0	0.0	0.0	0.0	0.0	0.0	0.0	Missing
Traj4	ENSMUST00000103736	0.0	0.0	0.0	0.0	0.0	0.0	0.0	0.0	Missing
Traj5	ENSMUST00000103735	0.0	0.0	0.0	0.0	0.0	0.0	0.0	0.0	Missing
Traj6	ENSMUST00000103734	0.0	0.0	0.0	0.0	0.0	0.0	0.0	0.0	Missing
Traj7	ENSMUST00000103733	0.0	0.0	0.0	0.0	0.0	0.0	0.0	0.0	Missing
Traj8	ENSMUST00000103732	0.0	0.0	0.0	0.0	0.0	0.0	0.0	0.0	Missing
Traj9	ENSMUST00000103731	0.0	0.0	0.0	0.0	0.0	0.0	0.0	0.0	Missing
Traj11	ENSMUST00000103730	0.0	0.0	0.0	0.0	0.0	0.0	0.0	0.0	Missing
Rbm17	ENSMUST00000150369	26.4813	2.3379	23.8054	2.5047	33.9166	2.9757	57.2451	3.9867	Missing
Adhfe1	ENSMUST00000144177	39.5332	0.5809	20.9105	0.3577	18.4564	0.2658	37.3023	0.4341	Missing
Psmd2	ENSMUST00000007212	8289.08	133.85	7372.48	138.65	8802.39	139.319	11731.6	150.008	Missing
Ppp1r26	ENSMUST00000154081	0.0	0.0	0.0	0.0	7.819	0.7433	0.0	0.0	Missing
Calm1	ENSMUST00000001204	15.2024	0.1799	13.8858	0.1911	30.9238	0.3583	15.8584	0.1486	Missing
Psmd2	ENSMUST00000172207	53.8019	0.8566	27.882	0.517	75.2015	1.1735	36.8477	0.4646	Missing
mt-Atp6	ENSMUST00000082408	90096.5	7685.36	77192.2	7839.78	102169.0	8655.81	100929.0	6792.37	Missing
Kel	ENSMUST00000141502	0.0	0.0	0.0	0.0	0.0	0.0	0.0	0.0	Missing
Ighv15-2	ENSMUST00000195337	0.0	0.0	0.0	0.0	0.0	0.0	0.0	0.0	Missing
Iqcj	ENSMUST00000063263	0.0	0.0	0.0	0.0	0.0	0.0	0.0	0.0	Missing
Igkv13-85	ENSMUST00000114212	0.0	0.0	0.0	0.0	0.0	0.0	0.0	0.0	Missing
Ubash3b	ENSMUST00000124819	0.0	0.0	0.0	0.0	0.0	0.0	0.0	0.0	Missing
Trbj1-7	ENSMUST00000103290	0.0	0.0	0.0	0.0	0.0	0.0	0.0	0.0	Missing
Olfr653	ENSMUST00000098174	0.0	0.0	0.0	0.0	0.0	0.0	0.0	0.0	Missing
Gm13871	ENSMUST00000107318	0.0	0.0	0.0	0.0	0.0	0.0	0.0	0.0	Missing
Clec4g	ENSMUST00000058040	0.0	0.0	0.0	0.0	0.0	0.0	0.0	0.0	Missing
Cstad	ENSMUST00000129719	5.0	0.7104	0.0	0.0	0.0	0.0	0.0	0.0	Missing
mt-Co2	ENSMUST00000082405	89841.4	7620.66	74381.5	7511.59	98174.1	8269.95	98679.3	6603.95	Missing
Vps51	ENSMUST00000025711	710.464	13.7861	647.583	14.65	709.841	13.5091	819.94	12.5966	Missing
Psmc4	ENSMUST00000134486	0.0	0.0	0.0	0.0	0.0	0.0	4.7934	0.3995	Missing
Rbm8a2	ENSMUST00000104983	7.188	0.2745	1.0515	0.0471	9.6212	0.3616	4.1845	0.1264	Missing
H2-Bl	ENSMUST00000195838	0.0	0.0	0.0	0.0	0.0	0.0	0.0	0.0	Missing
Ighv3-4	ENSMUST00000193408	0.0	0.0	0.0	0.0	0.0	0.0	0.0	0.0	Missing
H2-T10	ENSMUST00000174625	40.1084	0.5621	58.0581	0.947	53.4912	0.7345	86.0836	0.9555	Missing
H2-Bl	ENSMUST00000195833	0.0	0.0	1.0638	0.084	0.1195	0.0079	0.0	0.0	Missing
Tcrg-V6	ENSMUST00000103555	0.0	0.0	0.0	0.0	0.0	0.0	0.0	0.0	Missing
Traj55	ENSMUST00000170585	0.0	0.0	0.0	0.0	0.0	0.0	0.0	0.0	Missing
Tcp10b	ENSMUST00000163227	0.0	0.0	10.0	0.4041	0.0	0.0	0.0	0.0	Missing
Tmem53	ENSMUST00000154449	0.0	0.0	0.0	0.0	5.484	1.6463	0.0	0.0	Missing
Jhy	ENSMUST00000160120	0.0	0.0	0.0	0.0	0.0	0.0	0.0	0.0	Missing
Hyi	ENSMUST00000132882	39.1569	3.0018	47.6531	4.3378	56.6702	4.3077	40.2596	2.4361	Missing
AB124611	ENSMUST00000173769	5.0	0.2185	6.0	0.308	0.0	0.0	0.0	0.0	Missing
Zfp229	ENSMUST00000183192	0.0	0.0	23.5977	2.5335	44.6364	3.9952	38.5919	2.7407	Missing
Slc31a2	ENSMUST00000084530	578.3	15.7131	553.805	17.5865	593.645	15.8432	729.37	15.6838	Missing
Gm21876	ENSMUST00000096511	0.0	0.0	0.0	0.0	0.0	0.0	0.0	0.0	Missing
H2-Bl	ENSMUST00000185167	0.0	0.0	0.0	0.0	0.0	0.0	0.0	0.0	Missing
Ighv1-24	ENSMUST00000191861	0.0	0.0	0.0	0.0	0.0	0.0	0.0	0.0	Missing
Ighv1-36	ENSMUST00000191862	0.0	0.0	0.0	0.0	0.0	0.0	0.0	0.0	Missing
Hyi	ENSMUST00000194248	0.0	0.0	0.0	0.0	0.0	0.0	0.0	0.0	Missing
Trac	ENSMUST00000103740	21.0	3.5984	18.0	3.7771	5.0	0.8646	14.0	1.8824	Missing
H2-Bl	ENSMUST00000194244	0.0	0.0	0.0	0.0	0.0	0.0	0.0	0.0	Missing
Ighv1-42	ENSMUST00000191868	0.0	0.0	0.0	0.0	0.0	0.0	0.0	0.0	Missing
Nmur2	ENSMUST00000037682	0.0	0.0	0.0	0.0	0.0	0.0	0.0	0.0	Missing
BC048609	ENSMUST00000149347	0.0	0.0	0.0	0.0	0.0	0.0	1.0	0.1215	Missing
H2-Q5	ENSMUST00000174854	32.8182	1.4795	20.7924	1.1018	49.9649	2.2199	74.8385	2.6674	Missing
Dnah7c	ENSMUST00000191499	0.0	0.0	0.0	0.0	0.0	0.0	0.0	0.0	Missing
Hyi	ENSMUST00000179719	114.966	4.5504	107.62	4.998	93.13	3.6291	109.248	3.4198	Missing
Gm10302	ENSMUST00000174433	4.0	0.0536	0.0	0.0	0.0	0.0	0.0	0.0	Missing
Ighv3-5	ENSMUST00000195619	0.0	0.0	0.0	0.0	0.0	0.0	0.0	0.0	Missing
Smpdl3a	ENSMUST00000020022	2098.0	52.5704	1490.62	43.6238	2133.0	52.4758	2764.26	54.8222	Missing
Ighv2-6	ENSMUST00000179657	0.0	0.0	0.0	0.0	0.0	0.0	0.0	0.0	Missing
Ighd5-8	ENSMUST00000178909	0.0	0.0	0.0	0.0	0.0	0.0	0.0	0.0	Missing
Ighv1-76	ENSMUST00000169155	0.0	0.0	0.0	0.0	0.0	0.0	0.0	0.0	Missing
Peak1	ENSMUST00000186735	0.0	0.0	1.6657	0.4157	0.0	0.0	10.5191	1.6664	Missing
Olfr906	ENSMUST00000045493	0.0	0.0	0.0	0.0	0.0	0.0	0.0	0.0	Missing
Zfp94	ENSMUST00000108436	22.5777	0.4184	22.0603	0.4765	11.767	0.2139	39.8488	0.5847	Missing
Psmc4	ENSMUST00000138512	140.28	9.0313	141.623	10.7839	162.002	10.3173	146.412	7.4451	Missing
Ighv1-62-2	ENSMUST00000194581	0.0	0.0	0.0	0.0	0.0	0.0	0.0	0.0	Missing
H2-Bl	ENSMUST00000183999	0.0	0.0	0.0	0.0	0.0	0.0	0.0	0.0	Missing
Ighv1-23	ENSMUST00000194625	0.0	0.0	0.0	0.0	0.0	0.0	0.0	0.0	Missing
Vmn2r106	ENSMUST00000167464	0.0	0.0	0.0	0.0	0.0	0.0	0.0	0.0	Missing
H2-Bl	ENSMUST00000173080	0.0	0.0	0.0	0.0	0.0	0.0	0.0	0.0	Missing
4930435E12Rik	ENSMUST00000130241	0.0	0.0	0.0	0.0	0.0	0.0	0.0	0.0	Missing
Ccdc97	ENSMUST00000156365	0.0	0.0	8.5735	1.281	0.0	0.0	4.7492	0.4634	Missing
Trbj2-7	ENSMUST00000103298	0.0	0.0	0.0	0.0	0.0	0.0	1.0	3.8453	Missing
Trbc2	ENSMUST00000103299	5.0	0.4179	0.0	0.0	2.0	0.166	1.0	0.0659	Missing
Gm3259	ENSMUST00000160090	0.0	0.0	0.0	0.0	0.0	0.0	0.0	0.0	Missing
Trbj2-2	ENSMUST00000103294	0.0	0.0	0.0	0.0	0.0	0.0	0.0	0.0	Missing
Trbj2-3	ENSMUST00000103295	0.0	0.0	0.0	0.0	0.0	0.0	0.0	0.0	Missing
Trbj2-4	ENSMUST00000103296	0.0	0.0	0.0	0.0	0.0	0.0	0.0	0.0	Missing
Trbj2-5	ENSMUST00000103297	0.0	0.0	0.0	0.0	0.0	0.0	0.0	0.0	Missing
Sprr2g	ENSMUST00000189634	0.0	0.0	0.0	0.0	0.0	0.0	0.0	0.0	Missing
Trbc1	ENSMUST00000103291	0.0	0.0	0.0	0.0	0.0	0.0	0.0	0.0	Missing
Trbj2-1	ENSMUST00000103293	0.0	0.0	0.0	0.0	0.0	0.0	0.0	0.0	Missing
Rab15	ENSMUST00000021459	1106.25	16.6941	844.294	14.8337	989.948	14.6397	1004.7	12.0065	Missing
Tcrg-V5	ENSMUST00000103556	0.0	0.0	0.0	0.0	0.0	0.0	0.0	0.0	Missing
Ighv1-49	ENSMUST00000192724	0.0	0.0	0.0	0.0	0.0	0.0	0.0	0.0	Missing
Tcrg-V4	ENSMUST00000103554	0.0	0.0	0.0	0.0	0.0	0.0	0.0	0.0	Missing
Tcrg-V7	ENSMUST00000103553	0.0	0.0	0.0	0.0	0.0	0.0	0.0	0.0	Missing
Ighv1-85	ENSMUST00000103552	0.0	0.0	0.0	0.0	0.0	0.0	0.0	0.0	Missing
Ighv1-84	ENSMUST00000103551	0.0	0.0	0.0	0.0	0.0	0.0	0.0	0.0	Missing
Pygo2	ENSMUST00000107413	129.699	2.1322	387.967	7.429	152.227	2.4531	719.837	9.3708	Missing
Fam179a	ENSMUST00000153445	0.0	0.0	0.0	0.0	0.0	0.0	7.7027	0.0878	Missing
Trav6-1	ENSMUST00000103571	0.0	0.0	0.0	0.0	0.0	0.0	0.0	0.0	Missing
Tcrg-V3	ENSMUST00000103559	0.0	0.0	0.0	0.0	0.0	0.0	0.0	0.0	Missing
Tcrg-C1	ENSMUST00000103558	0.0	0.0	0.0	0.0	0.0	0.0	0.0	0.0	Missing
Ccdc97	ENSMUST00000137046	0.0	0.0	1.5772	0.2404	11.1827	1.4138	17.0429	1.695	Missing
Cfap77	ENSMUST00000157048	0.0	0.0	0.0	0.0	0.0	0.0	0.0	0.0	Missing
Kel	ENSMUST00000153760	0.0	0.0	0.0	0.0	0.0	0.0	0.0	0.0	Missing
Ighg3	ENSMUST00000103423	0.0	0.0	0.0	0.0	0.0	0.0	0.0	0.0	Missing
Ccdc68	ENSMUST00000043929	0.0	0.0	7.5983	0.2748	3.8141	0.1159	40.0	0.9782	Missing
Myc	ENSMUST00000188482	0.0	0.0	0.0	0.0	0.0	0.0	0.0	0.0	Missing
Cfap77	ENSMUST00000189027	0.0	0.0	0.0	0.0	0.0	0.0	0.0	0.0	Missing
Mroh3	ENSMUST00000133030	0.0	0.0	0.0	0.0	0.0	0.0	0.0	0.0	Missing
Pla2g2a	ENSMUST00000147728	0.0	0.0	0.0	0.0	0.0	0.0	0.0	0.0	Missing
Vps51	ENSMUST00000160519	19.6922	1.4031	23.1581	1.9558	10.9108	0.77	12.2796	0.6908	Missing
Lilra5	ENSMUST00000117550	0.0	0.0	0.0	0.0	0.0	0.0	0.0	0.0	Missing
Dnah7c	ENSMUST00000189339	0.0	0.0	0.0	0.0	0.0	0.0	0.0	0.0	Missing
Trav14n-3	ENSMUST00000103652	0.0	0.0	0.0	0.0	0.0	0.0	0.0	0.0	Missing
Gm20708	ENSMUST00000132298	0.0	0.0	0.0	0.0	15.8319	0.4329	27.6137	0.6083	Missing
Sprr2g	ENSMUST00000056590	0.0	0.0	0.0	0.0	0.0	0.0	0.0	0.0	Missing
Igkv4-50	ENSMUST00000103363	0.0	0.0	0.0	0.0	0.0	0.0	0.0	0.0	Missing
Igkv5-48	ENSMUST00000103364	0.0	0.0	0.0	0.0	0.0	0.0	0.0	0.0	Missing
Igkv12-46	ENSMUST00000103365	0.0	0.0	0.0	0.0	0.0	0.0	0.0	0.0	Missing
Ighg2b	ENSMUST00000103418	0.0	0.0	0.0	0.0	0.0	0.0	0.0	0.0	Missing
Ighv13-2	ENSMUST00000125484	0.0	0.0	0.0	0.0	0.0	0.0	0.0	0.0	Missing
Ighg2c	ENSMUST00000103416	0.0	0.0	0.0	0.0	0.0	0.0	0.0	0.0	Missing
Igkv12-41	ENSMUST00000103369	0.0	0.0	0.0	0.0	0.0	0.0	0.0	0.0	Missing
Igkc	ENSMUST00000103410	0.0	0.0	0.0	0.0	0.0	0.0	0.0	0.0	Missing
H2-Bl	ENSMUST00000192532	0.0	0.0	0.0	0.0	0.0	0.0	0.0	0.0	Missing
Trav2	ENSMUST00000103568	0.0	0.0	0.0	0.0	0.0	0.0	0.0	0.0	Missing
Ighd2-6	ENSMUST00000178230	0.0	0.0	0.0	0.0	0.0	0.0	0.0	0.0	Missing
G2e3	ENSMUST00000152236	38.69	0.6822	26.1344	0.537	26.9868	0.4666	46.3333	0.6469	Missing
Trbv31	ENSMUST00000193003	0.0	0.0	0.0	0.0	0.0	0.0	0.0	0.0	Missing
H2-Q5	ENSMUST00000116010	0.0	0.0	3.8404	4.6993	0.0	0.0	0.3438	0.2463	Missing
Vmn1r124	ENSMUST00000105200	0.0	0.0	0.0	0.0	0.0	0.0	0.0	0.0	Missing
Trbj1-3	ENSMUST00000192366	0.0	0.0	0.0	0.0	0.0	0.0	0.0	0.0	Missing
Ighv2-5	ENSMUST00000103449	0.0	0.0	0.0	0.0	0.0	0.0	0.0	0.0	Missing
Ighj2	ENSMUST00000103429	0.0	0.0	0.0	0.0	0.0	0.0	0.0	0.0	Missing
H2-Bl	ENSMUST00000184502	0.0	0.0	0.0	0.0	0.0	0.0	0.0	0.0	Missing
Pygo2	ENSMUST00000133680	10.5093	2.0361	8.8582	2.1147	12.2092	2.3953	24.5586	3.7279	Missing
Trav10	ENSMUST00000103583	0.0	0.0	0.0	0.0	0.0	0.0	0.0	0.0	Missing
Gm16602	ENSMUST00000103564	0.0	0.0	0.0	0.0	0.0	0.0	0.0	0.0	Missing
Tnfaip8	ENSMUST00000126666	0.0	0.0	0.0	0.0	0.0	0.0	0.0	0.0	Missing
Actc1	ENSMUST00000149125	3.1355	0.8988	0.0	0.0	1.0706	0.3155	7.4539	1.6733	Missing
Vps51	ENSMUST00000160590	73.9499	4.8574	69.1925	5.3776	61.4546	3.9941	69.5615	3.6086	Missing
Fam179a	ENSMUST00000156665	0.0	0.0	0.0	0.0	0.0	0.0	0.0	0.0	Missing
Nomo1	ENSMUST00000182305	1.7291	0.1066	1.4304	0.1042	5.837	0.3559	1.4224	0.0693	Missing
Gm33815	ENSMUST00000195574	0.0	0.0	0.0	0.0	0.0	0.0	0.0	0.0	Missing
Vmn1r89	ENSMUST00000053008	0.0	0.0	0.0	0.0	0.0	0.0	0.0	0.0	Missing
Psmd2	ENSMUST00000167869	4.6108	0.4638	2.2241	0.2677	2.2629	0.2268	6.7444	0.5349	Missing
Tmem53	ENSMUST00000062824	367.931	19.8354	409.036	25.9931	267.632	14.2439	378.757	16.1365	Missing
Rgma	ENSMUST00000119206	0.0	0.0	0.0	0.0	0.0	0.0	0.0	0.0	Missing
Trgv2	ENSMUST00000103563	0.0	0.0	0.0	0.0	0.0	0.0	0.0	0.0	Missing
Ighv1-52	ENSMUST00000103522	0.0	0.0	0.0	0.0	0.0	0.0	0.0	0.0	Missing
Ighv1-53	ENSMUST00000103523	0.0	0.0	0.0	0.0	0.0	0.0	0.0	0.0	Missing
Ighv1-50	ENSMUST00000103521	0.0	0.0	0.0	0.0	0.0	0.0	0.0	0.0	Missing
Ighv1-55	ENSMUST00000103526	0.0	0.0	0.0	0.0	0.0	0.0	0.0	0.0	Missing
Ighv1-56	ENSMUST00000103527	0.0	0.0	0.0	0.0	0.0	0.0	0.0	0.0	Missing
Ighv8-6	ENSMUST00000103524	0.0	0.0	0.0	0.0	0.0	0.0	0.0	0.0	Missing
Ighv1-54	ENSMUST00000103525	0.0	0.0	0.0	0.0	0.0	0.0	0.0	0.0	Missing
Art2a-ps	ENSMUST00000173420	0.0	0.0	0.0	0.0	0.0	0.0	0.0	0.0	Missing
Ighv1-58	ENSMUST00000103529	0.0	0.0	0.0	0.0	0.0	0.0	0.0	0.0	Missing
Ighv3-3	ENSMUST00000191693	0.0	0.0	0.0	0.0	0.0	0.0	0.0	0.0	Missing
Traj35	ENSMUST00000103706	0.0	0.0	0.0	0.0	0.0	0.0	0.0	0.0	Missing
Traj34	ENSMUST00000103707	0.0	0.0	0.0	0.0	0.0	0.0	0.0	0.0	Missing
Traj38	ENSMUST00000103704	0.0	0.0	0.0	0.0	0.0	0.0	0.0	0.0	Missing
Traj37	ENSMUST00000103705	0.0	0.0	0.0	0.0	0.0	0.0	0.0	0.0	Missing
Traj40	ENSMUST00000103702	0.0	0.0	0.0	0.0	0.0	0.0	0.0	0.0	Missing
Traj39	ENSMUST00000103703	0.0	0.0	0.0	0.0	0.0	0.0	0.0	0.0	Missing
Traj42	ENSMUST00000103700	0.0	0.0	0.0	0.0	0.0	0.0	0.0	0.0	Missing
Traj41	ENSMUST00000103701	0.0	0.0	0.0	0.0	0.0	0.0	0.0	0.0	Missing
Trgj4	ENSMUST00000184430	0.0	0.0	0.0	0.0	0.0	0.0	0.0	0.0	Missing
Trav4n-4	ENSMUST00000103627	0.0	0.0	0.0	0.0	0.0	0.0	0.0	0.0	Missing
Traj33	ENSMUST00000103708	0.0	0.0	0.0	0.0	0.0	0.0	0.0	0.0	Missing
Traj32	ENSMUST00000103709	0.0	0.0	0.0	0.0	0.0	0.0	0.0	0.0	Missing
Glrb	ENSMUST00000132330	0.0	0.0	0.0	0.0	3.127	0.342	1.6238	0.1402	Missing
Pydc3	ENSMUST00000085876	45.3714	0.7259	0.0	0.0	74.0472	1.1612	170.324	2.158	Missing
Rbm17	ENSMUST00000131036	26.7839	3.928	15.4365	2.7493	35.1775	5.1818	30.7551	3.5475	Missing
Trav6-5	ENSMUST00000183488	0.0	0.0	0.0	0.0	0.0	0.0	0.0	0.0	Missing
Tmem25	ENSMUST00000002100	20.0	0.395	0.0	0.0	0.0	0.0	0.0	0.0	Missing
Trav7d-3	ENSMUST00000179789	0.0	0.0	0.0	0.0	0.0	0.0	0.0	0.0	Missing
Scgb3a1	ENSMUST00000076006	0.0	0.0	0.0	0.0	0.0	0.0	0.0	0.0	Missing
Ccdc97	ENSMUST00000002683	1539.14	24.2417	1359.96	24.943	1772.6	27.3628	2066.83	25.7778	Missing
Kctd19	ENSMUST00000168196	0.0	0.0	1.0	0.183	1.0	0.1513	0.0	0.0	Missing
Gm33815	ENSMUST00000195504	0.0	0.0	0.0	0.0	0.0	0.0	0.0	0.0	Missing
Gm17472	ENSMUST00000167638	0.0	0.0	0.0	0.0	0.0	0.0	0.0	0.0	Missing
Ighg2b	ENSMUST00000192188	0.0	0.0	0.0	0.0	0.0	0.0	0.0	0.0	Missing
1700010I14Rik	ENSMUST00000151609	0.0	0.0	0.0	0.0	22.857	0.5981	39.0	0.8224	Missing
Trav15-2-dv6-2	ENSMUST00000103660	0.0	0.0	0.0	0.0	0.0	0.0	0.0	0.0	Missing
Trav4-4-dv10	ENSMUST00000103663	10.0	2.1334	0.0	0.0	8.0	1.7326	0.0	0.0	Missing
Trav9-4	ENSMUST00000103662	0.0	0.0	0.0	0.0	0.0	0.0	0.0	0.0	Missing
Trav5-4	ENSMUST00000103664	0.0	0.0	0.0	0.0	0.0	0.0	0.0	0.0	Missing
Trav16	ENSMUST00000103667	0.0	0.0	0.0	0.0	0.0	0.0	0.0	0.0	Missing
G2e3	ENSMUST00000121521	0.0	0.0	44.4548	0.9622	58.9807	1.0741	21.1186	0.3105	Missing
Olfr741	ENSMUST00000071932	0.0	0.0	0.0	0.0	0.0	0.0	0.0	0.0	Missing
Gm13871	ENSMUST00000107319	0.0	0.0	0.0	0.0	0.0	0.0	0.0	0.0	Missing
Igkv5-45	ENSMUST00000103366	0.0	0.0	0.0	0.0	0.0	0.0	0.0	0.0	Missing
Ccdc68	ENSMUST00000080050	12.0	0.5016	0.4017	0.0197	46.1859	1.9016	0.0	0.0	Missing
Igkv12-44	ENSMUST00000103367	0.0	0.0	0.0	0.0	0.0	0.0	0.0	0.0	Missing
Tcrg-C4	ENSMUST00000179181	0.0	0.0	0.0	0.0	0.0	0.0	0.0	0.0	Missing
Cldn6	ENSMUST00000024699	2.0	0.0669	0.0	0.0	0.0	0.0	3.0	0.0794	Missing
Ighv8-6	ENSMUST00000193145	0.0	0.0	0.0	0.0	0.0	0.0	0.0	0.0	Missing
Trbd1	ENSMUST00000178537	0.0	0.0	0.0	0.0	0.0	0.0	0.0	0.0	Missing
H2-Bl	ENSMUST00000184850	1.0131	0.0498	0.0	0.0	3.9308	0.1907	1.0054	0.0391	Missing
Trav9d-2	ENSMUST00000178824	0.0	0.0	0.0	0.0	0.0	0.0	0.0	0.0	Missing
AB124611	ENSMUST00000086361	0.0	0.0	0.0	0.0	6.0	0.231	9.0	0.2783	Missing
Lrrc75b	ENSMUST00000051129	55.0709	0.5617	32.0	0.3794	27.0934	0.2706	63.7949	0.5154	Missing
Nuggc	ENSMUST00000150897	0.0	0.0	0.0	0.0	26.0	0.4459	0.0	0.0	Missing
BC048609	ENSMUST00000143303	0.0	0.0	0.0	0.0	0.0	0.0	0.0	0.0	Missing
missing	ENSMUST00000180859	0.0	0.0	0.0	0.0	0.0	0.0	1.0	0.0758	Missing
Tctn3	ENSMUST00000135795	0.0	0.0	31.0911	1.0742	0.0	0.0	27.3273	0.6388	Missing
Grm7	ENSMUST00000173001	0.0	0.0	0.0	0.0	0.0	0.0	0.0	0.0	Missing
Ighv1-62-2	ENSMUST00000163467	0.0	0.0	0.0	0.0	0.0	0.0	0.0	0.0	Missing
Traj57	ENSMUST00000103688	0.0	0.0	0.0	0.0	0.0	0.0	0.0	0.0	Missing
Ighv1-9	ENSMUST00000193893	0.0	0.0	0.0	0.0	0.0	0.0	0.0	0.0	Missing
Gm33815	ENSMUST00000193593	0.0	0.0	0.0	0.0	0.0	0.0	0.0	0.0	Missing
Ccdc97	ENSMUST00000134201	0.0	0.0	0.0	0.0	0.0	0.0	8.9249	0.5108	Missing
Zfp229	ENSMUST00000182603	10.1247	0.1104	75.0092	0.9506	148.961	1.5899	393.014	3.3932	Missing
Ighd2-5	ENSMUST00000178549	0.0	0.0	0.0	0.0	0.0	0.0	0.0	0.0	Missing
Trav7-3	ENSMUST00000177622	0.0	0.0	0.0	0.0	0.0	0.0	0.0	0.0	Missing
Mroh3	ENSMUST00000146112	0.0	0.0	0.0	0.0	0.0	0.0	0.0	0.0	Missing
Tctn3	ENSMUST00000025981	305.175	5.342	279.235	5.6951	369.625	6.3434	362.186	5.02	Missing
Itih5	ENSMUST00000026886	844.097	4.9454	670.719	4.5617	867.093	4.9696	809.0	3.7553	Missing
Igkv19-93	ENSMUST00000183936	0.0	0.0	0.0	0.0	0.0	0.0	0.0	0.0	Missing
Trav12d-2	ENSMUST00000103593	0.0	0.0	0.0	0.0	0.0	0.0	0.0	0.0	Missing
Trav4d-3	ENSMUST00000103592	0.0	0.0	0.0	0.0	0.0	0.0	0.0	0.0	Missing
Trav15n-1	ENSMUST00000103590	0.0	0.0	0.0	0.0	0.0	0.0	0.0	0.0	Missing
Trav14d-2	ENSMUST00000103597	0.0	0.0	0.0	0.0	0.0	0.0	0.0	0.0	Missing
Trav13d-2	ENSMUST00000103596	0.0	0.0	0.0	0.0	0.0	0.0	0.0	0.0	Missing
Trbv13-1	ENSMUST00000194399	0.0	0.0	0.0	0.0	0.0	0.0	0.0	0.0	Missing
Ighv2-3	ENSMUST00000178229	0.0	0.0	0.0	0.0	0.0	0.0	0.0	0.0	Missing
missing	ENSMUST00000103598	0.0	0.0	0.0	0.0	0.0	0.0	0.0	0.0	Missing
Serpinb10	ENSMUST00000182198	0.0	0.0	0.0	0.0	0.0	0.0	0.0	0.0	Missing
Ighv1-77	ENSMUST00000170551	0.0	0.0	0.0	0.0	0.0	0.0	0.0	0.0	Missing
Olfr625-ps1	ENSMUST00000098195	0.0	0.0	0.0	0.0	0.0	0.0	0.0	0.0	Missing
Ighg1	ENSMUST00000194304	0.0	0.0	0.0	0.0	0.0	0.0	1.0	0.0154	Missing
Ighv8-4	ENSMUST00000178949	0.0	0.0	0.0	0.0	0.0	0.0	0.0	0.0	Missing
Hist1h2ac	ENSMUST00000171127	0.0	0.0	2.2029	0.37	6.8436	0.9516	15.6155	1.7033	Missing
Trav6-4	ENSMUST00000184650	0.0	0.0	0.0	0.0	0.0	0.0	0.0	0.0	Missing
Trim43b	ENSMUST00000167113	1.158	0.0249	2.001	0.0502	0.0	0.0	9.1965	0.1564	Missing
Pou4f1	ENSMUST00000139505	0.0	0.0	0.0	0.0	0.0	0.0	0.0	0.0	Missing
Tctn3	ENSMUST00000144566	12.8246	1.1043	2.6743	0.2742	6.3746	0.5453	2.9065	0.1975	Missing
Tnfaip8	ENSMUST00000134348	1.6516	0.1472	0.0	0.0	0.0	0.0	0.0	0.0	Missing
Trav5n-3	ENSMUST00000164511	0.0	0.0	0.0	0.0	0.0	0.0	0.0	0.0	Missing
Ighd5-6	ENSMUST00000179932	0.0	0.0	0.0	0.0	0.0	0.0	0.0	0.0	Missing
Trav7d-4	ENSMUST00000178768	0.0	0.0	0.0	0.0	0.0	0.0	0.0	0.0	Missing
Tnfaip8	ENSMUST00000179937	95.3987	1.9372	26.093	0.6179	34.8533	0.6943	50.1135	0.8056	Missing
Serpinb10	ENSMUST00000194951	0.0	0.0	0.0	0.0	0.0	0.0	0.0	0.0	Missing
Ighd4-1	ENSMUST00000179520	0.0	0.0	0.0	0.0	0.0	0.0	0.0	0.0	Missing
Vps51	ENSMUST00000159475	20.513	4.3969	1.4539	0.3858	23.8507	5.1893	0.0	0.0	Missing
Psmc4	ENSMUST00000135482	11.8392	0.31	17.8593	0.5464	12.2944	0.3161	12.3204	0.2553	Missing
Ubash3b	ENSMUST00000151485	36.6538	0.7994	76.3582	1.9429	73.1687	1.5657	66.4313	1.1469	Missing
Tas2r130	ENSMUST00000067597	0.0	0.0	0.0	0.0	0.0	0.0	0.0	0.0	Missing
Begain	ENSMUST00000185745	0.0	0.0	0.0	0.0	0.0	0.0	0.0	0.0	Missing
Ppp1r26	ENSMUST00000150362	0.0	0.0	0.0	0.0	0.0	0.0	0.0	0.0	Missing
Adhfe1	ENSMUST00000190654	32.2384	0.7819	27.4736	0.7781	97.2606	2.3158	47.7981	0.9176	Missing
Psmd2	ENSMUST00000166071	0.0	0.0	0.0	0.0	5.4434	0.5443	4.595	0.3636	Missing
3010026O09Rik	ENSMUST00000123164	0.0	0.0	0.0	0.0	0.0	0.0	0.0	0.0	Missing
Igkv13-84	ENSMUST00000103339	0.0	0.0	0.0	0.0	0.0	0.0	0.0	0.0	Missing
Trbj1-7	ENSMUST00000193061	0.0	0.0	0.0	0.0	0.0	0.0	0.0	0.0	Missing
Igkv4-91	ENSMUST00000103333	0.0	0.0	0.0	0.0	0.0	0.0	0.0	0.0	Missing
Igkv4-92	ENSMUST00000103332	0.0	0.0	0.0	0.0	0.0	0.0	0.0	0.0	Missing
Igkv10-94	ENSMUST00000103330	0.0	0.0	0.0	0.0	0.0	0.0	0.0	0.0	Missing
Igkv4-86	ENSMUST00000103337	0.0	0.0	0.0	0.0	0.0	0.0	0.0	0.0	Missing
Igkv1-88	ENSMUST00000103336	0.0	0.0	0.0	0.0	0.0	0.0	0.0	0.0	Missing
Igkv12-89	ENSMUST00000103335	0.0	0.0	0.0	0.0	0.0	0.0	0.0	0.0	Missing
Igkv4-90	ENSMUST00000103334	0.0	0.0	0.0	0.0	0.0	0.0	0.0	0.0	Missing
Gm16968	ENSMUST00000103441	0.0	0.0	0.0	0.0	0.0	0.0	0.0	0.0	Missing
Ighv2-2	ENSMUST00000103443	0.0	0.0	0.0	0.0	0.0	0.0	0.0	0.0	Missing
Ighv5-2	ENSMUST00000103442	0.0	0.0	0.0	0.0	0.0	0.0	0.0	0.0	Missing
Ighv5-4	ENSMUST00000103444	0.0	0.0	0.0	0.0	0.0	0.0	0.0	0.0	Missing
Ighv2-4	ENSMUST00000103447	0.0	0.0	0.0	0.0	0.0	0.0	0.0	0.0	Missing
Ighv5-6	ENSMUST00000103446	0.0	0.0	0.0	0.0	0.0	0.0	0.0	0.0	Missing
missing	ENSMUST00000103566	0.0	0.0	0.0	0.0	0.0	0.0	0.0	0.0	Missing
Trav1	ENSMUST00000103567	0.0	0.0	0.0	0.0	0.0	0.0	0.0	0.0	Missing
Ighv6-4	ENSMUST00000177949	0.0	0.0	0.0	0.0	0.0	0.0	0.0	0.0	Missing
Calm3	ENSMUST00000019514	13315.4	282.387	11434.0	282.865	13611.4	283.21	16322.4	274.035	Missing
Trgj3	ENSMUST00000103562	0.0	0.0	0.0	0.0	0.0	0.0	0.0	0.0	Missing
Ighd2-8	ENSMUST00000180001	0.0	0.0	0.0	0.0	0.0	0.0	0.0	0.0	Missing
Tcrg-C2	ENSMUST00000103561	2.0	0.2561	2.0	0.3093	0.0	0.0	0.0	0.0	Missing
Trav3n-3	ENSMUST00000103625	0.0	0.0	0.0	0.0	0.0	0.0	0.0	0.0	Missing
missing	ENSMUST00000103624	0.0	0.0	0.0	0.0	0.0	0.0	0.0	0.0	Missing
Ighe	ENSMUST00000137336	0.0	0.0	0.0	0.0	0.0	0.0	0.0	0.0	Missing
Trav9n-4	ENSMUST00000103626	0.0	0.0	0.0	0.0	0.0	0.0	0.0	0.0	Missing
H2-Bl	ENSMUST00000183560	0.0	0.0	0.0	0.0	0.0	0.0	0.0	0.0	Missing
Trav13n-2	ENSMUST00000103622	0.0	0.0	0.0	0.0	0.0	0.0	0.0	0.0	Missing
Bcl2l12	ENSMUST00000003290	182.777	8.9601	120.684	6.9628	208.429	10.0778	218.1	8.4515	Missing
Peg10	ENSMUST00000176551	621.36	5.5962	446.441	4.6723	267.476	2.358	287.398	2.0505	Missing
Ighv7-2	ENSMUST00000193133	0.0	0.0	0.0	0.0	0.0	0.0	0.0	0.0	Missing
Rgma	ENSMUST00000094312	2066.35	27.2999	1771.18	27.2277	1798.79	23.2806	2363.58	24.7312	Missing
Ighv1-74	ENSMUST00000103543	0.0	0.0	0.0	0.0	0.0	0.0	0.0	0.0	Missing
Vps51	ENSMUST00000160233	0.0	0.0	0.0	0.0	0.0	0.0	0.0	0.0	Missing
Trav6d-3	ENSMUST00000181483	0.0	0.0	0.0	0.0	0.0	0.0	0.0	0.0	Missing
Rab15	ENSMUST00000143863	0.0	0.0	0.0	0.0	0.0	0.0	10.2901	0.5691	Missing
Glrb	ENSMUST00000135043	0.0	0.0	37.4876	0.7005	0.0	0.0	0.0	0.0	Missing
Trav9n-2	ENSMUST00000180097	0.0	0.0	0.0	0.0	0.0	0.0	0.0	0.0	Missing
Ighv5-15	ENSMUST00000192877	0.0	0.0	0.0	0.0	0.0	0.0	0.0	0.0	Missing
Gm21093	ENSMUST00000084677	0.0	0.0	0.0	0.0	4.4658	0.1276	0.0	0.0	Missing
Gm7361	ENSMUST00000074148	20.0	0.3191	8.3533	0.1552	4.0	0.0626	23.8905	0.3018	Missing
Wfdc13	ENSMUST00000088260	3.8566	0.1893	2.0001	0.1155	1.0052	0.0487	0.0	0.0	Missing
Vps51	ENSMUST00000159832	0.0	0.0	0.0	0.0	0.0	0.0	63.4618	0.7871	Missing
Armc3	ENSMUST00000114640	0.0	0.0	0.0	0.0	0.0	0.0	0.0	0.0	Missing
Traj36	ENSMUST00000167829	0.0	0.0	0.0	0.0	0.0	0.0	0.0	0.0	Missing
Casp16-ps	ENSMUST00000088673	0.0	0.0	0.0	0.0	0.0	0.0	0.0	0.0	Missing
Tnfaip8	ENSMUST00000148159	772.205	19.7861	621.094	18.5902	544.85	13.7083	690.045	13.9937	Missing
Casp16-ps	ENSMUST00000182769	1.0	0.0785	0.0	0.0	0.0	0.0	0.0	0.0	Missing
Tnfaip8	ENSMUST00000128377	0.0	0.0	0.0	0.0	0.0	0.0	0.0	0.0	Missing
Calm1	ENSMUST00000110082	7367.47	84.5254	7330.45	97.8024	7801.81	87.6552	9641.4	87.6124	Missing
Ighv1-82	ENSMUST00000103549	0.0	0.0	0.0	0.0	0.0	0.0	0.0	0.0	Missing
Trav7-6	ENSMUST00000184687	0.0	0.0	0.0	0.0	0.0	0.0	0.0	0.0	Missing
Glrb	ENSMUST00000107743	0.0	0.0	2.5124	0.1409	13.5849	0.6388	14.9911	0.5651	Missing
Ubash3b	ENSMUST00000136530	0.0	0.0	0.0	0.0	0.0	0.0	0.0	0.0	Missing
Gm3259	ENSMUST00000160045	0.0	0.0	0.0	0.0	0.0	0.0	0.0	0.0	Missing
Ighv8-8	ENSMUST00000192591	0.0	0.0	0.0	0.0	0.0	0.0	0.0	0.0	Missing
missing	ENSMUST00000124235	35.6259	3.5446	57.4253	6.8348	37.7825	3.7442	44.4942	3.4901	Missing
Ighd3-1	ENSMUST00000180266	0.0	0.0	0.0	0.0	0.0	0.0	0.0	0.0	Missing
Olfr1232	ENSMUST00000099785	0.0	0.0	0.0	0.0	0.0	0.0	0.0	0.0	Missing
Trav6-3	ENSMUST00000180549	0.0	0.0	0.0	0.0	0.0	0.0	0.0	0.0	Missing
mt-Nd5	ENSMUST00000082418	59554.0	1614.29	54427.0	1724.21	69831.0	1859.18	66673.0	1430.26	Missing
missing	ENSMUST00000180262	0.0	0.0	0.0	0.0	0.0	0.0	0.0	0.0	Missing
Adhfe1	ENSMUST00000186467	5.9165	0.8459	0.0	0.0	0.0	0.0	0.0	0.0	Missing
Col22a1	ENSMUST00000159993	4.7053	0.0247	16.8995	0.1029	15.5356	0.0797	12.749	0.053	Missing
Traj53	ENSMUST00000103690	0.0	0.0	0.0	0.0	0.0	0.0	0.0	0.0	Missing
Traj52	ENSMUST00000103691	0.0	0.0	0.0	0.0	0.0	0.0	0.0	0.0	Missing
Traj51	ENSMUST00000103692	0.0	0.0	0.0	0.0	0.0	0.0	0.0	0.0	Missing
Traj50	ENSMUST00000103693	0.0	0.0	0.0	0.0	0.0	0.0	0.0	0.0	Missing
Traj49	ENSMUST00000103694	0.0	0.0	0.0	0.0	0.0	0.0	0.0	0.0	Missing
Traj48	ENSMUST00000103695	0.0	0.0	0.0	0.0	0.0	0.0	0.0	0.0	Missing
Traj46	ENSMUST00000103696	0.0	0.0	0.0	0.0	0.0	0.0	0.0	0.0	Missing
Traj45	ENSMUST00000103697	0.0	0.0	0.0	0.0	0.0	0.0	0.0	0.0	Missing
Traj44	ENSMUST00000103698	0.0	0.0	0.0	0.0	0.0	0.0	0.0	0.0	Missing
Traj43	ENSMUST00000103699	0.0	0.0	0.0	0.0	0.0	0.0	0.0	0.0	Missing
Usp42	ENSMUST00000155408	0.0	0.0	0.0	0.0	35.1221	0.7079	8.092	0.1316	Missing
Trav6d-3	ENSMUST00000184883	0.0	0.0	0.0	0.0	0.0	0.0	0.0	0.0	Missing
Trav7-4	ENSMUST00000181728	0.0	0.0	0.0	0.0	0.0	0.0	0.0	0.0	Missing
Tnfaip8	ENSMUST00000153873	0.0	0.0	0.0	0.0	0.0	0.0	0.0	0.0	Missing
Vmn1r229	ENSMUST00000076759	0.0	0.0	0.0	0.0	0.0	0.0	0.0	0.0	Missing
Trbv30	ENSMUST00000103282	0.0	0.0	0.0	0.0	0.0	0.0	0.0	0.0	Missing
Trbv29	ENSMUST00000103281	0.0	0.0	0.0	0.0	0.0	0.0	0.0	0.0	Missing
Trbv26	ENSMUST00000103280	0.0	0.0	0.0	0.0	0.0	0.0	0.0	0.0	Missing
Trbj1-4	ENSMUST00000103287	0.0	0.0	0.0	0.0	0.0	0.0	0.0	0.0	Missing
Trbj1-3	ENSMUST00000103286	0.0	0.0	0.0	0.0	0.0	0.0	0.0	0.0	Missing
Clec7a	ENSMUST00000195589	1.8892	0.0404	2.8412	0.0709	1.8859	0.0396	2.8668	0.0485	Missing
Trbj1-1	ENSMUST00000103284	0.0	0.0	0.0	0.0	0.0	0.0	0.0	0.0	Missing
Cxcl11	ENSMUST00000122808	0.0	0.0	0.0	0.0	0.0	0.0	0.0	0.0	Missing
Trbj1-6	ENSMUST00000103289	0.0	0.0	0.0	0.0	0.0	0.0	0.0	0.0	Missing
Trbj1-5	ENSMUST00000103288	0.0	0.0	0.0	0.0	0.0	0.0	0.0	0.0	Missing
Vmn1r215	ENSMUST00000072972	0.0	0.0	0.0	0.0	0.0	0.0	0.0	0.0	Missing
Wbp5	ENSMUST00000048687	6528.0	340.607	5869.0	360.76	6370.02	328.011	8436.0	347.876	Missing
Ighv1-7	ENSMUST00000103496	0.0	0.0	0.0	0.0	0.0	0.0	0.0	0.0	Missing
Ighv15-2	ENSMUST00000103497	0.0	0.0	0.0	0.0	0.0	0.0	0.0	0.0	Missing
Ighv1-5	ENSMUST00000103494	0.0	0.0	0.0	0.0	0.0	0.0	0.0	0.0	Missing
Trav14-2	ENSMUST00000179267	0.0	0.0	0.0	0.0	0.0	0.0	0.0	0.0	Missing
Ighv10-1	ENSMUST00000103492	0.0	0.0	0.0	0.0	0.0	0.0	0.0	0.0	Missing
Ighv1-4	ENSMUST00000103493	0.0	0.0	0.0	0.0	0.0	0.0	0.0	0.0	Missing
Smpdl3a	ENSMUST00000125076	0.0	0.0	0.0	0.0	0.0	0.0	3.7399	0.1915	Missing
Trav3-3	ENSMUST00000183835	0.0	0.0	0.0	0.0	0.0	0.0	0.0	0.0	Missing
Ighv1-75	ENSMUST00000103544	0.0	0.0	0.0	0.0	0.0	0.0	0.0	0.0	Missing
Trdd1	ENSMUST00000179664	0.0	0.0	0.0	0.0	0.0	0.0	0.0	0.0	Missing
Ighv1-9	ENSMUST00000103498	0.0	0.0	0.0	0.0	0.0	0.0	0.0	0.0	Missing
Ubash3b	ENSMUST00000129906	0.0	0.0	0.0	0.0	0.0	0.0	0.0	0.0	Missing
Myc	ENSMUST00000159338	13.3583	2.5991	8.4434	2.0244	12.7563	2.5137	12.552	1.9134	Missing
1500015O10Rik	ENSMUST00000027217	386.0	23.2677	226.0	16.0911	360.0	21.4495	247.0	11.7623	Missing
Trbd2	ENSMUST00000178862	0.0	0.0	0.0	0.0	0.0	0.0	0.0	0.0	Missing
Olfr421-ps1	ENSMUST00000179386	0.0	0.0	0.0	0.0	0.0	0.0	0.0	0.0	Missing
Kel	ENSMUST00000194597	0.0	0.0	0.0	0.0	0.0	0.0	0.0	0.0	Missing
Vps51	ENSMUST00000161634	8.7828	0.644	24.3829	2.1205	17.172	1.2476	0.0	0.0	Missing
Ighv1-62-1	ENSMUST00000171270	0.0	0.0	0.0	0.0	0.0	0.0	0.0	0.0	Missing
Ighm	ENSMUST00000177715	0.0	0.0	0.0	0.0	0.0	0.0	0.0	0.0	Missing
Myc	ENSMUST00000159327	197.45	4.4012	0.0	0.0	25.1831	0.5508	0.0	0.0	Missing
Oas1b	ENSMUST00000086377	0.0	0.0	0.0	0.0	0.0	0.0	0.0	0.0	Missing
Ptf1a	ENSMUST00000028068	0.0	0.0	0.0	0.0	0.0	0.0	0.0	0.0	Missing
Ccdc97	ENSMUST00000129519	9.3674	0.6835	3.9576	0.3425	10.1902	0.7367	38.7525	2.2323	Missing
Vmn1r138	ENSMUST00000179206	0.0	0.0	0.0	0.0	0.0	0.0	0.0	0.0	Missing
Ccdc97	ENSMUST00000140847	2.3973	0.4704	2.1077	0.51	0.0	0.0	0.0	0.0	Missing
Trav14n-1	ENSMUST00000177578	0.0	0.0	0.0	0.0	0.0	0.0	0.0	0.0	Missing
Trav14n-2	ENSMUST00000103623	0.0	0.0	0.0	0.0	0.0	0.0	0.0	0.0	Missing
Col4a6	ENSMUST00000137051	0.0	0.0	0.0	0.0	0.0	0.0	0.0	0.0	Missing
Olfr298	ENSMUST00000077800	0.0	0.0	0.0	0.0	0.0	0.0	0.0	0.0	Missing
Ighd2-4	ENSMUST00000179560	0.0	0.0	0.0	0.0	0.0	0.0	0.0	0.0	Missing
E130012A19Rik	ENSMUST00000052281	134.0	2.8103	98.0	2.3974	111.0	2.2839	124.0	2.0588	Missing
Tcp10b	ENSMUST00000116666	0.0	0.0	0.0	0.0	0.0	0.0	0.0	0.0	Missing
Nomo1	ENSMUST00000182842	0.0	0.0	0.0	0.0	12.4755	0.9094	6.5383	0.3797	Missing
Trbv21	ENSMUST00000103278	0.0	0.0	0.0	0.0	0.0	0.0	0.0	0.0	Missing
Trbv23	ENSMUST00000103279	0.0	0.0	0.0	0.0	0.0	0.0	0.0	0.0	Missing
Trbv19	ENSMUST00000103276	0.0	0.0	0.0	0.0	0.0	0.0	0.0	0.0	Missing
Trbv20	ENSMUST00000103277	0.0	0.0	0.0	0.0	0.0	0.0	0.0	0.0	Missing
Trbv16	ENSMUST00000103274	0.0	0.0	0.0	0.0	0.0	0.0	0.0	0.0	Missing
Trbv17	ENSMUST00000103275	0.0	0.0	0.0	0.0	0.0	0.0	0.0	0.0	Missing
Trbv14	ENSMUST00000103272	0.0	0.0	0.0	0.0	0.0	0.0	0.0	0.0	Missing
Trbv15	ENSMUST00000103273	0.0	0.0	0.0	0.0	0.0	0.0	0.0	0.0	Missing
Trbv13-2	ENSMUST00000103270	0.0	0.0	0.0	0.0	0.0	0.0	0.0	0.0	Missing
Trbv13-3	ENSMUST00000103271	0.0	0.0	0.0	0.0	0.0	0.0	0.0	0.0	Missing
Igkv6-32	ENSMUST00000103377	0.0	0.0	0.0	0.0	0.0	0.0	0.0	0.0	Missing
Igkv7-33	ENSMUST00000103376	0.0	0.0	0.0	0.0	0.0	0.0	0.0	0.0	Missing
Cfap77	ENSMUST00000189711	3.2781	0.0924	1.6204	0.0534	6.0	0.1662	3.2748	0.0731	Missing
Igkv1-35	ENSMUST00000103374	0.0	0.0	0.0	0.0	0.0	0.0	0.0	0.0	Missing
Igkj5	ENSMUST00000103409	0.0	0.0	0.0	0.0	0.0	0.0	0.0	0.0	Missing
Igkj4	ENSMUST00000103408	0.0	0.0	0.0	0.0	0.0	0.0	0.0	0.0	Missing
Igkv12-38	ENSMUST00000103371	0.0	0.0	0.0	0.0	0.0	0.0	0.0	0.0	Missing
Igkv5-39	ENSMUST00000103370	0.0	0.0	0.0	0.0	0.0	0.0	0.0	0.0	Missing
Igkj1	ENSMUST00000103405	0.0	0.0	0.0	0.0	0.0	0.0	0.0	0.0	Missing
Igkv3-1	ENSMUST00000103404	0.0	0.0	0.0	0.0	0.0	0.0	0.0	0.0	Missing
Igkj3	ENSMUST00000103407	0.0	0.0	0.0	0.0	0.0	0.0	0.0	0.0	Missing
Igkj2	ENSMUST00000103406	0.0	0.0	0.0	0.0	0.0	0.0	0.0	0.0	Missing
Igkv3-4	ENSMUST00000103401	0.0	0.0	0.0	0.0	0.0	0.0	0.0	0.0	Missing
Igkv3-5	ENSMUST00000103400	0.0	0.0	0.0	0.0	0.0	0.0	0.0	0.0	Missing
Igkv6-29	ENSMUST00000103379	0.0	0.0	0.0	0.0	0.0	0.0	0.0	0.0	Missing
Igkv3-3	ENSMUST00000103402	0.0	0.0	0.0	0.0	0.0	0.0	0.0	0.0	Missing
Gm6176	ENSMUST00000178209	0.0	0.0	0.0	0.0	0.0	0.0	0.0	0.0	Missing
Usp42	ENSMUST00000129606	0.0	0.0	0.0	0.0	0.0	0.0	1.0	0.0638	Missing
Vps51	ENSMUST00000159869	0.0	0.0	6.1571	0.9225	12.8008	1.5912	5.0573	0.4948	Missing
Ighv1-20	ENSMUST00000194968	0.0	0.0	0.0	0.0	0.0	0.0	0.0	0.0	Missing
Ighv1-78	ENSMUST00000163670	0.0	0.0	0.0	0.0	0.0	0.0	0.0	0.0	Missing
Gm37327	ENSMUST00000193012	0.0	0.0	0.0	0.0	0.0	0.0	0.0	0.0	Missing
4930435E12Rik	ENSMUST00000122078	0.0	0.0	0.0	0.0	0.0	0.0	0.0	0.0	Missing
Zfp229	ENSMUST00000182827	3.9337	0.3635	5.2653	0.5807	16.742	1.5388	4.8547	0.3538	Missing
Trbv21	ENSMUST00000195087	0.0	0.0	0.0	0.0	0.0	0.0	0.0	0.0	Missing
Nomo1	ENSMUST00000182564	46.0531	3.5365	6.6196	0.6036	32.2053	2.4522	26.5285	1.6079	Missing
Fam179a	ENSMUST00000144479	18.6735	0.2886	14.0	0.2519	14.0	0.2121	0.0	0.0	Missing
Col4a6	ENSMUST00000101205	71.0	0.4961	160.0	1.2983	69.0	0.4717	150.0	0.8304	Missing
Adhfe1	ENSMUST00000130927	0.0	0.0	0.0	0.0	0.0	0.0	6.3204	0.7267	Missing
Igkv2-137	ENSMUST00000103302	0.0	0.0	0.0	0.0	0.0	0.0	0.0	0.0	Missing
Igkv1-135	ENSMUST00000103303	0.0	0.0	0.0	0.0	0.0	0.0	0.0	0.0	Missing
Trbv31	ENSMUST00000103300	0.0	0.0	0.0	0.0	0.0	0.0	0.0	0.0	Missing
Gm20730	ENSMUST00000103301	0.0	0.0	0.0	0.0	0.0	0.0	0.0	0.0	Missing
Igkv1-131	ENSMUST00000103306	0.0	0.0	0.0	0.0	0.0	0.0	0.0	0.0	Missing
Igkv14-130	ENSMUST00000103307	0.0	0.0	0.0	0.0	0.0	0.0	0.0	0.0	Missing
Igkv1-133	ENSMUST00000103304	0.0	0.0	1.0	0.2615	0.0	0.0	0.0	0.0	Missing
Igkv1-132	ENSMUST00000103305	0.0	0.0	0.0	0.0	0.0	0.0	0.0	0.0	Missing
Cfap77	ENSMUST00000190049	0.727	0.0528	2.3796	0.2049	0.0	0.0	2.7252	0.1562	Missing
Igkv9-129	ENSMUST00000103308	0.0	0.0	1.0	0.2774	0.0	0.0	0.0	0.0	Missing
Igkv17-127	ENSMUST00000103309	0.0	0.0	0.0	0.0	0.0	0.0	0.0	0.0	Missing
Ighv1-49	ENSMUST00000103519	0.0	0.0	0.0	0.0	0.0	0.0	0.0	0.0	Missing
Clec4g	ENSMUST00000160527	0.0	0.0	0.0	0.0	0.0	0.0	0.0	0.0	Missing
Ighv1-61	ENSMUST00000103531	0.0	0.0	0.0	0.0	0.0	0.0	0.0	0.0	Missing
Ighv1-59	ENSMUST00000103530	0.0	0.0	0.0	0.0	0.0	0.0	0.0	0.0	Missing
Ighv8-9	ENSMUST00000103533	0.0	0.0	0.0	0.0	0.0	0.0	0.0	0.0	Missing
Igha	ENSMUST00000178282	0.0	0.0	0.0	0.0	0.0	0.0	0.0	0.0	Missing
Ighv1-64	ENSMUST00000103535	0.0	0.0	0.0	0.0	0.0	0.0	0.0	0.0	Missing
Ighv1-63	ENSMUST00000103534	0.0	0.0	0.0	0.0	0.0	0.0	0.0	0.0	Missing
Ighv1-66	ENSMUST00000103537	0.0	0.0	0.0	0.0	0.0	0.0	0.0	0.0	Missing
Ighv8-11	ENSMUST00000103536	0.0	0.0	0.0	0.0	0.0	0.0	0.0	0.0	Missing
Ighv1-69	ENSMUST00000103539	0.0	0.0	0.0	0.0	0.0	0.0	0.0	0.0	Missing
Ighv1-67	ENSMUST00000103538	0.0	0.0	0.0	0.0	0.0	0.0	0.0	0.0	Missing
Bpifc	ENSMUST00000105304	0.0	0.0	0.0	0.0	0.0	0.0	0.0	0.0	Missing
Gm8005	ENSMUST00000167326	0.0	0.0	0.0	0.0	0.0	0.0	0.0	0.0	Missing
Traj26	ENSMUST00000103715	0.0	0.0	0.0	0.0	0.0	0.0	0.0	0.0	Missing
Traj27	ENSMUST00000103714	0.0	0.0	0.0	0.0	0.0	0.0	0.0	0.0	Missing
Traj24	ENSMUST00000103717	0.0	0.0	0.0	0.0	0.0	0.0	0.0	0.0	Missing
Traj25	ENSMUST00000103716	0.0	0.0	0.0	0.0	0.0	0.0	0.0	0.0	Missing
Traj30	ENSMUST00000103711	0.0	0.0	0.0	0.0	0.0	0.0	0.0	0.0	Missing
Traj31	ENSMUST00000103710	0.0	0.0	0.0	0.0	0.0	0.0	0.0	0.0	Missing
Traj28	ENSMUST00000103713	0.0	0.0	0.0	0.0	0.0	0.0	0.0	0.0	Missing
Traj29	ENSMUST00000103712	0.0	0.0	0.0	0.0	0.0	0.0	0.0	0.0	Missing
Traj60	ENSMUST00000167781	0.0	0.0	0.0	0.0	0.0	0.0	0.0	0.0	Missing
Oas1b	ENSMUST00000182725	26.9751	2.9914	12.9467	1.724	44.1503	4.8883	53.5645	4.681	Missing
Impad1	ENSMUST00000084949	4151.0	29.4809	3847.0	31.7293	4439.0	30.848	5273.0	29.669	Missing
Traj22	ENSMUST00000103719	0.0	0.0	0.0	0.0	0.0	0.0	0.0	0.0	Missing
Traj23	ENSMUST00000103718	0.0	0.0	0.0	0.0	0.0	0.0	0.0	0.0	Missing
G2e3	ENSMUST00000054308	546.948	3.7327	519.134	4.1141	571.578	3.8167	884.335	4.7815	Missing
Calm1	ENSMUST00000153524	955.846	100.149	895.596	112.443	789.334	82.4569	889.158	73.4246	6.781	0.1952	-0.3079
Ighv1-36	ENSMUST00000103513	0.0	0.0	0.0	0.0	0.0	0.0	0.0	0.0	Missing
Trbv30	ENSMUST00000191646	0.0	0.0	0.0	0.0	0.0	0.0	0.0	0.0	Missing
Rgma	ENSMUST00000128471	0.0	0.0	0.0	0.0	0.0	0.0	0.0	0.0	Missing
Lce1e	ENSMUST00000090867	0.0	0.0	0.0	0.0	0.0	0.0	0.0	0.0	Missing
Ighv1-31	ENSMUST00000103511	0.0	0.0	0.0	0.0	0.0	0.0	0.0	0.0	Missing
Ighv9-1	ENSMUST00000195884	0.0	0.0	0.0	0.0	0.0	0.0	0.0	0.0	Missing
Ighv8-5	ENSMUST00000194257	0.0	0.0	0.0	0.0	0.0	0.0	0.0	0.0	Missing
Trav17	ENSMUST00000186545	0.0	0.0	0.0	0.0	0.0	0.0	0.0	0.0	Missing
Ighv1-26	ENSMUST00000103510	0.0	0.0	0.0	0.0	0.0	0.0	0.0	0.0	Missing
Snx18	ENSMUST00000109241	3079.0	32.5381	3631.0	44.6103	2965.0	30.6793	4488.0	37.5675	Missing
Ighv7-4	ENSMUST00000192499	0.0	0.0	0.0	0.0	0.0	0.0	0.0	0.0	Missing
Mx2	ENSMUST00000024112	0.0	0.0	0.0	0.0	0.0	0.0	0.0	0.0	Missing
Trav13-2	ENSMUST00000103658	0.0	0.0	0.0	0.0	0.0	0.0	0.0	0.0	Missing
Rgma	ENSMUST00000139780	2192.65	30.9015	2098.82	34.4266	3160.21	43.637	2916.42	32.5503	Missing
Trav9-2	ENSMUST00000103654	0.0	0.0	0.0	0.0	0.0	0.0	0.0	0.0	Missing
Trav4-3	ENSMUST00000103655	0.0	0.0	0.0	0.0	0.0	0.0	0.0	0.0	Missing
Trav12-3	ENSMUST00000103657	0.0	0.0	0.0	0.0	0.0	0.0	0.0	0.0	Missing
Trav12-1	ENSMUST00000103650	0.0	0.0	0.0	0.0	0.0	0.0	0.0	0.0	Missing
Trav13-1	ENSMUST00000103651	0.0	0.0	0.0	0.0	0.0	0.0	0.0	0.0	Missing
Trbv26	ENSMUST00000193064	0.0	0.0	0.0	0.0	0.0	0.0	0.0	0.0	Missing
Trav15-1-dv6-1	ENSMUST00000103653	0.0	0.0	0.0	0.0	0.0	0.0	0.0	0.0	Missing
Ighv2-5	ENSMUST00000195707	0.0	0.0	0.0	0.0	0.0	0.0	0.0	0.0	Missing
Ighv14-4	ENSMUST00000195706	0.0	0.0	0.0	0.0	0.0	0.0	0.0	0.0	Missing
Myc	ENSMUST00000022971	456.108	9.4609	368.636	8.9184	535.521	10.8973	457.398	7.5111	Missing
Defa20	ENSMUST00000084042	0.0	0.0	0.0	0.0	0.0	0.0	0.0	0.0	Missing
Traj54	ENSMUST00000165071	0.0	0.0	0.0	0.0	0.0	0.0	0.0	0.0	Missing
Ighv3-6	ENSMUST00000195124	0.0	0.0	0.0	0.0	0.0	0.0	0.0	0.0	Missing
missing	ENSMUST00000179426	0.0	0.0	0.0	0.0	0.0	0.0	0.0	0.0	Missing
Trav9d-1	ENSMUST00000178426	0.0	0.0	0.0	0.0	0.0	0.0	0.0	0.0	Missing
missing	ENSMUST00000124232	0.0	0.0	16.6128	2.3364	5.6934	0.665	4.0843	0.3761	Missing
Nuggc	ENSMUST00000079469	18.0	0.338	12.0	0.2627	0.0	0.0	26.0	0.3866	Missing
Ighd5-5	ENSMUST00000178815	0.0	0.0	0.0	0.0	0.0	0.0	0.0	0.0	Missing
Jhy	ENSMUST00000034521	0.0	0.0	0.0	0.0	0.0	0.0	0.0	0.0	Missing
Bcorl1	ENSMUST00000037596	534.255	3.3645	292.319	2.1373	337.971	2.0823	395.086	1.9712	Missing
Zfp366	ENSMUST00000056558	0.0	0.0	0.0	0.0	0.0	0.0	3.0	0.0413	Missing
missing	ENSMUST00000149765	30.3844	1.724	10.1435	0.679	28.1537	1.5779	14.1894	0.6362	Missing
Igkv5-43	ENSMUST00000103368	0.0	0.0	0.0	0.0	0.0	0.0	0.0	0.0	Missing
Tcp10b	ENSMUST00000086787	16.0	0.3336	0.0	0.0	18.8736	0.386	18.9161	0.3122	Missing
Pygo2	ENSMUST00000136573	5.9413	0.6196	4.94	0.6173	13.0311	1.3549	13.8495	1.1384	Missing
Rbm17	ENSMUST00000125808	2.9925	0.455	0.0	0.0	8.7606	1.339	0.0	0.0	Missing
Ighv6-5	ENSMUST00000179796	0.0	0.0	0.0	0.0	0.0	0.0	0.0	0.0	Missing
Ighv1-13	ENSMUST00000095364	0.0	0.0	0.0	0.0	0.0	0.0	0.0	0.0	Missing
Ighv6-4	ENSMUST00000191918	0.0	0.0	0.0	0.0	0.0	0.0	0.0	0.0	Missing
Ighv11-2	ENSMUST00000103468	0.0	0.0	0.0	0.0	0.0	0.0	0.0	0.0	Missing
Wrap73	ENSMUST00000146734	0.0	0.0	3.175	0.705	0.0	0.0	0.0	0.0	Missing
Kel	ENSMUST00000192118	0.0	0.0	0.0	0.0	0.0	0.0	0.0	0.0	Missing
mt-Cytb	ENSMUST00000082421	77852.0	3551.92	66012.0	3540.68	97143.0	4368.55	87841.0	3168.53	Missing
3010026O09Rik	ENSMUST00000143480	0.0	0.0	0.0	0.0	0.0	0.0	1.0	0.0521	Missing
Mx2	ENSMUST00000190097	16.7566	1.5208	9.7859	1.0593	59.8795	5.4031	92.7934	6.6423	Missing
Zfp94	ENSMUST00000137781	16.4083	0.9891	8.2563	0.5878	17.1917	1.0243	35.0817	1.6706	Missing
Wbp5	ENSMUST00000113115	0.0	0.0	0.0	0.0	8.9772	0.5451	0.0	0.0	Missing
Tmem53	ENSMUST00000106433	0.0	0.0	0.0	0.0	0.0	0.0	0.0	0.0	Missing
Iglv3	ENSMUST00000103751	0.0	0.0	0.0	0.0	0.0	0.0	0.0	0.0	Missing
Trav9d-3	ENSMUST00000178252	0.0	0.0	0.0	0.0	0.0	0.0	0.0	0.0	Missing
Trav6-7-dv9	ENSMUST00000103638	0.0	0.0	0.0	0.0	0.0	0.0	1.0	0.1551	Missing
Clec4g	ENSMUST00000062037	0.0	0.0	0.0	0.0	0.0	0.0	0.0	0.0	Missing
Vmn1r73	ENSMUST00000055070	0.0	0.0	0.0	0.0	0.0	0.0	0.0	0.0	Missing
Dnah7c	ENSMUST00000178395	0.0	0.0	0.0	0.0	0.0	0.0	2.0148	0.1557	Missing
Ighv1-62-3	ENSMUST00000103532	0.0	0.0	0.0	0.0	0.0	0.0	0.0	0.0	Missing
Trav9d-4	ENSMUST00000167409	0.0	0.0	0.0	0.0	0.0	0.0	0.0	0.0	Missing
Iglv2	ENSMUST00000103752	0.0	0.0	0.0	0.0	0.0	0.0	0.0	0.0	Missing
Tmem53	ENSMUST00000125943	29.4111	1.727	0.0	0.0	0.0	0.0	0.0	0.0	Missing
Ighv1-47	ENSMUST00000194865	0.0	0.0	0.0	0.0	0.0	0.0	0.0	0.0	Missing
Ccdc97	ENSMUST00000129429	2.0949	0.4409	0.0	0.0	2.0438	0.4364	7.3698	1.215	Missing
Ccdc97	ENSMUST00000125699	46.3626	2.7084	36.0237	2.4842	11.2457	0.6491	52.0752	2.4035	Missing
Grm7	ENSMUST00000174310	0.0	0.0	1.8538	0.4349	0.0	0.0	1.0	0.1494	Missing
Kctd19	ENSMUST00000063071	0.0	0.0	0.0	0.0	0.0	0.0	0.0	0.0	Missing
Actrt1	ENSMUST00000059466	0.0	0.0	0.0	0.0	0.0	0.0	0.0	0.0	Missing
Glrb	ENSMUST00000194085	24.7584	0.943	0.0	0.0	27.7019	1.0385	29.8819	0.9002	Missing
Ighv2-9-1	ENSMUST00000180013	0.0	0.0	0.0	0.0	0.0	0.0	0.0	0.0	Missing
Usp42	ENSMUST00000141225	16.3178	1.4663	2.3707	0.254	0.0	0.0	9.7052	0.6879	Missing
mt-Nd1	ENSMUST00000082392	47028.0	2641.94	41141.0	2726.34	64594.0	3583.97	60429.0	2682.46	Missing
Rab15	ENSMUST00000154765	0.0	0.0	0.0	0.0	0.0	0.0	0.0	0.0	Missing
Gm3259	ENSMUST00000101015	0.0	0.0	0.0	0.0	0.0	0.0	0.0	0.0	Missing
Tmem53	ENSMUST00000106434	0.0	0.0	36.3225	2.5147	59.5229	3.4492	99.9478	4.6309	Missing
Grm7	ENSMUST00000172951	11.3506	0.1273	0.0	0.0	31.0	0.3405	34.0723	0.3027	Missing
Ighd3-2	ENSMUST00000179883	0.0	0.0	0.0	0.0	0.0	0.0	0.0	0.0	Missing
Iglv1	ENSMUST00000103746	0.0	0.0	0.0	0.0	0.0	0.0	0.0	0.0	Missing
H2-Bl	ENSMUST00000185087	0.0	0.0	0.0	0.0	0.0	0.0	0.0	0.0	Missing
mt-Nd2	ENSMUST00000082396	31322.9	1599.4	27555.0	1656.99	47023.0	2369.12	39069.9	1576.81	Missing
Krt83	ENSMUST00000159029	1.3588	0.0685	0.0	0.0	0.0	0.0	0.6832	0.0272	Missing
Hist1h1c	ENSMUST00000040914	725.652	23.349	446.947	16.8346	968.939	30.6518	1065.2	27.1175	Missing
mt-Nd4	ENSMUST00000082414	59916.0	2213.3	54416.0	2356.62	77694.0	2824.22	69157.0	2020.69	Missing
Peak1	ENSMUST00000061552	2825.47	18.7393	2702.34	20.8108	3543.5	22.9937	4454.7	23.4072	Missing
Trbj1-2	ENSMUST00000103285	0.0	0.0	0.0	0.0	0.0	0.0	0.0	0.0	Missing
Igkv4-70	ENSMUST00000103348	0.0	0.0	0.0	0.0	0.0	0.0	0.0	0.0	Missing
1700010I14Rik	ENSMUST00000024650	38.8019	1.0875	21.0	0.688	22.143	0.6097	0.0	0.0	Missing
Igkv4-72	ENSMUST00000103346	0.0	0.0	0.0	0.0	0.0	0.0	0.0	0.0	Missing
Igkv4-74	ENSMUST00000103344	0.0	0.0	0.0	0.0	0.0	0.0	0.0	0.0	Missing
Igkv4-51	ENSMUST00000103345	0.0	0.0	0.0	0.0	0.0	0.0	0.0	0.0	Missing
Igkv4-79	ENSMUST00000103342	0.0	0.0	0.0	0.0	0.0	0.0	0.0	0.0	Missing
Igkv4-78	ENSMUST00000103343	0.0	0.0	0.0	0.0	0.0	0.0	0.0	0.0	Missing
Serpinb10	ENSMUST00000172762	0.0	0.0	0.0	0.0	0.0	0.0	0.0	0.0	Missing
Igkv4-80	ENSMUST00000103341	0.0	0.0	0.0	0.0	0.0	0.0	0.0	0.0	Missing
Ighv7-1	ENSMUST00000103474	0.0	0.0	0.0	0.0	0.0	0.0	0.0	0.0	Missing
Ighv14-4	ENSMUST00000103475	0.0	0.0	0.0	0.0	0.0	0.0	0.0	0.0	Missing
Ighv3-3	ENSMUST00000103476	0.0	0.0	0.0	0.0	0.0	0.0	0.0	0.0	Missing
Ighv7-4	ENSMUST00000103477	0.0	0.0	0.0	0.0	0.0	0.0	0.0	0.0	Missing
Ighv16-1	ENSMUST00000103470	0.0	0.0	0.0	0.0	0.0	0.0	0.0	0.0	Missing
Ighv9-1	ENSMUST00000103471	0.0	0.0	0.0	0.0	0.0	0.0	0.0	0.0	Missing
Ighd2-3	ENSMUST00000177839	0.0	0.0	0.0	0.0	0.0	0.0	0.0	0.0	Missing
Ighv9-3	ENSMUST00000103473	0.0	0.0	0.0	0.0	0.0	0.0	0.0	0.0	Missing
Gm3259	ENSMUST00000185432	0.0	0.0	0.0	0.0	0.0	0.0	0.0	0.0	Missing
Smpdl3a	ENSMUST00000151623	0.0	0.0	7.3822	1.81	0.0	0.0	0.0	0.0	Missing
Ighj2	ENSMUST00000192746	0.0	0.0	0.0	0.0	0.0	0.0	0.0	0.0	Missing
Ighv3-1	ENSMUST00000103478	0.0	0.0	0.0	0.0	0.0	0.0	0.0	0.0	Missing
Ighv3-5	ENSMUST00000103479	0.0	0.0	0.0	0.0	0.0	0.0	0.0	0.0	Missing
Trav6-2	ENSMUST00000103573	0.0	0.0	0.0	0.0	0.0	0.0	0.0	0.0	Missing
Peak1	ENSMUST00000185775	1.0	0.0377	6.0124	0.2661	9.0144	0.3348	2.0049	0.0598	Missing
Trav4n-3	ENSMUST00000103618	0.0	0.0	0.0	0.0	0.0	0.0	0.0	0.0	Missing
Trav12n-2	ENSMUST00000103619	0.0	0.0	0.0	0.0	0.0	0.0	0.0	0.0	Missing
mt-Nd4l	ENSMUST00000084013	9694.0	2879.03	9032.0	3382.41	13191.0	4038.17	11580.0	2692.56	Missing
Trav6n-5	ENSMUST00000103611	0.0	0.0	0.0	0.0	0.0	0.0	0.0	0.0	Missing
Trav10n	ENSMUST00000103612	0.0	0.0	0.0	0.0	0.0	0.0	0.0	0.0	Missing
Trav6n-6	ENSMUST00000103613	0.0	0.0	0.0	0.0	0.0	0.0	0.0	0.0	Missing
Trav15d-1-dv6d-1	ENSMUST00000103616	0.0	0.0	0.0	0.0	0.0	0.0	0.0	0.0	Missing
Rab15	ENSMUST00000118604	0.0	0.0	0.0	0.0	0.0	0.0	0.0	0.0	Missing
Pcdhga8	ENSMUST00000066149	504.056	4.9965	408.472	4.7064	432.829	4.2004	671.11	5.2696	Missing
Serpina3k	ENSMUST00000043058	0.0	0.0	1.0393	0.0289	0.0	0.0	0.0	0.0	Missing
Pi16	ENSMUST00000135754	196.701	3.2094	126.853	2.4106	73.9932	1.1834	70.6453	0.9127	4.6769	0.1429	-0.9855
Trav18	ENSMUST00000186573	0.0	0.0	0.0	0.0	0.0	0.0	0.0	0.0	Missing
Mycn	ENSMUST00000151534	0.0	0.0	0.0	0.0	0.0	0.0	0.0	0.0	Missing
Begain	ENSMUST00000190647	521.544	9.2579	313.278	6.4798	407.609	7.0941	568.052	7.984	Missing
Fam179a	ENSMUST00000122869	0.0	0.0	0.0	0.0	0.0	0.0	0.0	0.0	Missing
Trav15d-1-dv6d-1	ENSMUST00000186370	0.0	0.0	0.0	0.0	0.0	0.0	0.0	0.0	Missing
Ighv1-59	ENSMUST00000195359	0.0	0.0	0.0	0.0	0.0	0.0	0.0	0.0	Missing
Igkv6-23	ENSMUST00000103386	0.0	0.0	0.0	0.0	0.0	0.0	0.0	0.0	Missing
Trav6d-4	ENSMUST00000180717	0.0	0.0	0.0	0.0	0.0	0.0	0.0	0.0	Missing
Trav6-4	ENSMUST00000180711	0.0	0.0	0.0	0.0	0.0	0.0	0.0	0.0	Missing
Cdk3-ps	ENSMUST00000173567	1.5057	0.062	0.0	0.0	8.9639	0.3633	3.0	0.0976	Missing
Psmc4	ENSMUST00000140053	0.0	0.0	0.0	0.0	0.0	0.0	6.3201	0.516	Missing
Tnfaip8	ENSMUST00000180305	1.6629	0.3408	0.9215	0.2332	0.0	0.0	0.0	0.0	Missing
Ighv10-3	ENSMUST00000103495	0.0	0.0	0.0	0.0	0.0	0.0	0.0	0.0	Missing
Zfp94	ENSMUST00000146817	13.8307	1.4761	2.1293	0.2725	3.3136	0.3528	0.0	0.0	Missing
Chpf2	ENSMUST00000121863	4183.11	53.0883	3996.19	59.0015	3718.59	46.2265	4880.29	49.0539	Missing
Pla2g2a	ENSMUST00000077582	0.0	0.0	0.0	0.0	0.0	0.0	0.0	0.0	Missing
Gm33815	ENSMUST00000193313	0.0	0.0	0.0	0.0	0.0	0.0	0.0	0.0	Missing
Mycbp	ENSMUST00000030400	340.136	10.054	255.026	8.8168	276.494	8.0311	344.08	8.0479	Missing
missing	ENSMUST00000175823	0.0	0.0	0.0	0.0	0.0	0.0	0.0	0.0	Missing
Cyp4a32	ENSMUST00000084342	0.0	0.0	0.0	0.0	0.0	0.0	0.0	0.0	Missing
Ighd5-6	ENSMUST00000195858	0.0	0.0	0.0	0.0	0.0	0.0	0.0	0.0	Missing
Glrb	ENSMUST00000029654	46.4808	0.7328	0.0	0.0	43.5862	0.6735	49.9587	0.6237	Missing
Pla2g2a	ENSMUST00000134898	0.0	0.0	0.0	0.0	0.0	0.0	0.0	0.0	Missing
Gm17361	ENSMUST00000178121	0.0	0.0	0.0	0.0	0.0	0.0	0.0	0.0	Missing
1700040F15Rik	ENSMUST00000188244	0.0	0.0	0.0	0.0	0.0	0.0	0.0	0.0	Missing
Begain	ENSMUST00000187230	67.4564	4.1098	67.7224	4.8746	45.3909	2.7338	101.948	4.9068	Missing
Trav12-2	ENSMUST00000180972	0.0	0.0	0.0	0.0	0.0	0.0	0.0	0.0	Missing
Ighv1-12	ENSMUST00000109711	0.0	0.0	0.0	0.0	0.0	0.0	0.0	0.0	Missing
Pydc3	ENSMUST00000169857	8.1302	0.2281	0.0	0.0	0.0	0.0	71.6849	1.5919	Missing
Defb9	ENSMUST00000057076	0.0	0.0	0.0	0.0	0.0	0.0	0.0	0.0	Missing
Zfp94	ENSMUST00000154309	26.4687	2.605	9.2035	1.0832	10.434	1.0226	12.091	0.9383	Missing
Ubash3b	ENSMUST00000044155	251.346	1.8395	133.642	1.1359	166.831	1.1947	284.569	1.6499	Missing
Llph	ENSMUST00000020444	899.252	40.6598	676.178	35.9384	820.972	36.5857	1152.31	41.1936	Missing
Olfr338	ENSMUST00000091006	0.0	0.0	0.0	0.0	0.0	0.0	0.0	0.0	Missing
Traj58	ENSMUST00000103687	0.0	0.0	0.0	0.0	0.0	0.0	0.0	0.0	Missing
Traj59	ENSMUST00000103686	0.0	0.0	0.0	0.0	0.0	0.0	0.0	0.0	Missing
Trdv5	ENSMUST00000103685	0.0	0.0	3.0	0.854	0.0	0.0	0.0	0.0	Missing
Ighv8-13	ENSMUST00000164041	0.0	0.0	0.0	0.0	0.0	0.0	0.0	0.0	Missing
Trdj2	ENSMUST00000103683	0.0	0.0	0.0	0.0	0.0	0.0	0.0	0.0	Missing
Trdj1	ENSMUST00000103682	0.0	0.0	0.0	0.0	0.0	0.0	0.0	0.0	Missing
Tnfaip8	ENSMUST00000148989	176.138	9.3733	151.218	9.4835	113.933	5.9848	149.832	6.3014	Missing
Pygo2	ENSMUST00000125830	45.8056	3.8566	11.1722	1.1197	40.0118	3.3451	44.0104	2.9236	Missing
Ighv1-5	ENSMUST00000191803	0.0	0.0	0.0	0.0	0.0	0.0	0.0	0.0	Missing
Traj56	ENSMUST00000103689	0.0	0.0	0.0	0.0	0.0	0.0	0.0	0.0	Missing
Ighv1-11	ENSMUST00000191801	0.0	0.0	0.0	0.0	0.0	0.0	0.0	0.0	Missing
Rab15	ENSMUST00000141622	0.0	0.0	3.7092	0.6211	0.0	0.0	0.0	0.0	Missing
Peak1	ENSMUST00000188142	4095.53	25.2181	3397.98	24.2909	4662.49	28.0864	5711.77	27.8646	Missing
Igkv4-68	ENSMUST00000103350	0.0	0.0	0.0	0.0	0.0	0.0	0.0	0.0	Missing
Tnfaip8	ENSMUST00000145726	105.577	9.9177	26.5902	2.9826	17.3174	1.6185	0.0	0.0	Missing
Bcorl1	ENSMUST00000114972	363.198	3.0307	623.942	6.0487	465.162	3.7989	565.849	3.7405	Missing
Tmsb10	ENSMUST00000114048	14.2212	1.3613	0.0	0.0	20.3669	1.9403	0.0	0.0	Missing
Ighv12-3	ENSMUST00000103485	0.0	0.0	0.0	0.0	0.0	0.0	0.0	0.0	Missing
Ighv6-3	ENSMUST00000103486	0.0	0.0	0.0	0.0	0.0	0.0	0.0	0.0	Missing
Ighv3-6	ENSMUST00000103481	0.0	0.0	0.0	0.0	0.0	0.0	0.0	0.0	Missing
Trav14-2	ENSMUST00000184874	0.0	0.0	0.0	0.0	0.0	0.0	0.0	0.0	Missing
Ighv3-8	ENSMUST00000103483	0.0	0.0	0.0	0.0	0.0	0.0	0.0	0.0	Missing
Ighv9-4	ENSMUST00000103482	0.0	0.0	0.0	0.0	0.0	0.0	0.0	0.0	Missing
Calm3	ENSMUST00000173139	0.0	0.0	0.0	0.0	4.6469	0.6191	5.435	0.5688	Missing
Ighv6-6	ENSMUST00000103489	0.0	0.0	0.0	0.0	0.0	0.0	1.0	0.1694	Missing
Ubash3b	ENSMUST00000132996	1.0	0.1229	2.0	0.2963	8.0	0.9834	6.0	0.5807	Missing
Bcorl1	ENSMUST00000136348	239.59	1.491	184.609	1.3338	332.323	2.0233	591.464	2.9163	Missing
Rbm17	ENSMUST00000040314	2594.96	81.2517	2159.76	79.1394	2548.29	78.4332	3422.01	84.7775	Missing
Vmn2r121	ENSMUST00000094491	0.0	0.0	0.0	0.0	0.0	0.0	0.0	0.0	Missing
Cyp4a32	ENSMUST00000129918	0.0	0.0	0.0	0.0	0.0	0.0	0.0	0.0	Missing
Trav12d-1	ENSMUST00000183652	0.0	0.0	0.0	0.0	0.0	0.0	0.0	0.0	Missing
mt-Nd6	ENSMUST00000082419	19086.0	2338.81	15937.0	2354.39	20250.0	2482.43	22213.0	2144.0	Missing
Ighv6-5	ENSMUST00000193936	0.0	0.0	0.0	0.0	0.0	0.0	0.0	0.0	Missing
mt-Nd3	ENSMUST00000082411	7361.87	1662.02	5956.94	1669.7	10693.6	2454.93	7771.27	1373.29	Missing
Trav12d-3	ENSMUST00000177703	0.0	0.0	0.0	0.0	0.0	0.0	0.0	0.0	Missing
Trav9n-3	ENSMUST00000177705	0.0	0.0	0.0	0.0	0.0	0.0	0.0	0.0	Missing
Ighv1-18	ENSMUST00000194350	0.0	0.0	0.0	0.0	0.0	0.0	0.0	0.0	Missing
Nomo1	ENSMUST00000182531	1.2013	0.1814	6.6295	1.2175	0.0	0.0	1.1799	0.1401	Missing
Col22a1	ENSMUST00000162081	0.0	0.0	0.0	0.0	0.0	0.0	0.0	0.0	Missing
Ighj1	ENSMUST00000103430	0.0	0.0	0.0	0.0	0.0	0.0	1.0	3.5508	Missing
Trdd2	ENSMUST00000177564	0.0	0.0	0.0	0.0	0.0	0.0	0.0	0.0	Missing
Psmd2	ENSMUST00000169184	0.0	0.0	6.0077	0.4074	47.3355	2.6869	11.3354	0.5146	Missing
Col4a6	ENSMUST00000151459	0.0	0.0	0.0	0.0	0.0	0.0	0.0	0.0	Missing
Ighd1-1	ENSMUST00000103439	0.0	0.0	0.0	0.0	0.0	0.0	0.0	0.0	Missing
Trav6n-7	ENSMUST00000179607	0.0	0.0	0.0	0.0	0.0	0.0	0.0	0.0	Missing
Ighv13-2	ENSMUST00000183954	0.0	0.0	0.0	0.0	0.0	0.0	0.0	0.0	Missing
Peg10	ENSMUST00000176204	2075.64	14.461	1317.56	10.6598	2756.52	18.7911	3061.6	16.8988	Missing
Gbp11	ENSMUST00000171587	0.0	0.0	6.1995	0.2798	0.0	0.0	0.0006	0.0	Missing
Kctd19	ENSMUST00000168888	0.0	0.0	0.0	0.0	0.0	0.0	0.0	0.0	Missing
Bcorl1	ENSMUST00000156042	12.0031	0.9249	0.0004	0.0	32.2398	2.4633	15.7467	0.9577	Missing
Actc1	ENSMUST00000090269	9260.03	317.529	796.0	31.9729	14042.9	473.613	11626.5	315.392	Missing
Myc	ENSMUST00000160009	351.308	9.8703	502.721	16.5124	372.218	10.2736	498.139	11.0755	Missing
Trbv12-2	ENSMUST00000103269	0.0	0.0	0.0	0.0	0.0	0.0	0.0	0.0	Missing
Trbv13-1	ENSMUST00000103268	0.0	0.0	0.0	0.0	0.0	0.0	0.0	0.0	Missing
Vps51	ENSMUST00000159211	10.6202	0.2875	48.1342	1.523	39.6798	1.0552	55.985	1.1995	Missing
Trbv4	ENSMUST00000103265	0.0	0.0	0.0	0.0	0.0	0.0	0.0	0.0	Missing
Trbv3	ENSMUST00000103264	0.0	0.0	0.0	0.0	0.0	0.0	0.0	0.0	Missing
Trbv12-1	ENSMUST00000103267	0.0	0.0	0.0	0.0	0.0	0.0	0.0	0.0	Missing
Trbv5	ENSMUST00000103266	0.0	0.0	0.0	0.0	0.0	0.0	0.0	0.0	Missing
Rbm17	ENSMUST00000156469	0.0	0.0	0.0	0.0	0.0	0.0	0.0	0.0	Missing
Pitx1	ENSMUST00000021968	662.0	13.0577	536.0	12.327	581.0	11.2403	743.0	11.6028	Missing
Trbv2	ENSMUST00000103263	0.0	0.0	0.0	0.0	0.0	0.0	0.0	0.0	Missing
Trbv1	ENSMUST00000103262	0.0	0.0	0.0	0.0	0.0	0.0	0.0	0.0	Missing
Ighv1-56	ENSMUST00000194071	0.0	0.0	0.0	0.0	0.0	0.0	0.0	0.0	Missing
Igkv6-20	ENSMUST00000103388	0.0	0.0	0.0	0.0	0.0	0.0	0.0	0.0	Missing
Igkv8-19	ENSMUST00000103389	0.0	0.0	0.0	0.0	0.0	0.0	0.0	0.0	Missing
Igkv8-26	ENSMUST00000103382	0.0	0.0	0.0	0.0	0.0	0.0	0.0	0.0	Missing
Igkv6-25	ENSMUST00000103383	0.0	0.0	0.0	0.0	0.0	0.0	0.0	0.0	Missing
Ighd5-4	ENSMUST00000177646	0.0	0.0	0.0	0.0	0.0	0.0	0.0	0.0	Missing
Igkv8-27	ENSMUST00000103381	0.0	0.0	0.0	0.0	0.0	0.0	0.0	0.0	Missing
Mx2	ENSMUST00000191103	4.3446	0.5078	0.0	0.0	19.2717	2.2508	15.2722	1.4062	Missing
Igkv8-21	ENSMUST00000103387	0.0	0.0	0.0	0.0	0.0	0.0	0.0	0.0	Missing
Igkv8-24	ENSMUST00000103384	0.0	0.0	0.0	0.0	0.0	0.0	0.0	0.0	Missing
Defa-rs7	ENSMUST00000098896	0.0	0.0	0.0	0.0	0.0	0.0	0.0	0.0	Missing
Ighv1-52	ENSMUST00000192554	0.0	0.0	0.0	0.0	0.0	0.0	0.0	0.0	Missing
H2-T10	ENSMUST00000166442	0.0	0.0	2.1108	0.0843	10.4716	0.351	0.0	0.0	Missing
Myc	ENSMUST00000191178	143.293	5.3631	2.3357	0.1025	0.0	0.0	228.376	6.7607	Missing
Trav5d-3	ENSMUST00000170041	0.0	0.0	0.0	0.0	0.0	0.0	0.0	0.0	Missing
Scgb3a1	ENSMUST00000043873	1.0	0.1318	0.0	0.0	0.0	0.0	0.0	0.0	Missing
Pitx1	ENSMUST00000173618	0.0	0.0	0.0	0.0	0.0	0.0	0.0	0.0	Missing
Ighv5-9-1	ENSMUST00000192264	0.0	0.0	0.0	0.0	0.0	0.0	0.0	0.0	Missing
Adam21	ENSMUST00000008582	1.0	0.0164	4.0	0.0766	1.0	0.0161	2.0	0.026	Missing
G2e3	ENSMUST00000144767	3.4706	0.3372	3.2599	0.3786	0.0	0.0	20.3719	1.5607	Missing
Mycbp	ENSMUST00000137685	11.9035	1.5375	46.3848	7.2378	27.9865	3.6202	12.5521	1.2765	Missing
Igkv11-125	ENSMUST00000103311	0.0	0.0	0.0	0.0	0.0	0.0	0.0	0.0	Missing
Igkv14-126	ENSMUST00000103310	0.0	0.0	0.0	0.0	0.0	0.0	0.0	0.0	Missing
Igkv9-123	ENSMUST00000103313	0.0	0.0	0.0	0.0	0.0	0.0	0.0	0.0	Missing
Igkv9-124	ENSMUST00000103312	0.0	0.0	0.0	0.0	0.0	0.0	0.0	0.0	Missing
Igkv17-121	ENSMUST00000103315	0.0	0.0	0.0	0.0	0.0	0.0	0.0	0.0	Missing
Igkv1-122	ENSMUST00000103314	0.0	0.0	0.0	0.0	0.0	0.0	0.0	0.0	Missing
Igkv1-117	ENSMUST00000103317	0.0	0.0	0.0	0.0	0.0	0.0	0.0	0.0	Missing
Igkv9-120	ENSMUST00000103316	0.0	0.0	0.0	0.0	0.0	0.0	0.0	0.0	Missing
Ighv5-8	ENSMUST00000166255	0.0	0.0	0.0	0.0	0.0	0.0	0.0	0.0	Missing
Igkv2-112	ENSMUST00000103318	0.0	0.0	0.0	0.0	0.0	0.0	0.0	0.0	Missing
Ighv1-43	ENSMUST00000195417	0.0	0.0	0.0	0.0	0.0	0.0	0.0	0.0	Missing
Ighd2-7	ENSMUST00000177965	0.0	0.0	0.0	0.0	0.0	0.0	0.0	0.0	Missing
Ighv1-18	ENSMUST00000103504	0.0	0.0	0.0	0.0	0.0	0.0	0.0	0.0	Missing
Ighv1-19	ENSMUST00000103505	0.0	0.0	0.0	0.0	0.0	0.0	0.0	0.0	Missing
Ighv1-20	ENSMUST00000103506	0.0	0.0	0.0	0.0	0.0	0.0	0.0	0.0	Missing
Ighv1-22	ENSMUST00000103507	0.0	0.0	0.0	0.0	0.0	0.0	0.0	0.0	Missing
Ighv1-12	ENSMUST00000103500	0.0	0.0	0.0	0.0	0.0	0.0	0.0	0.0	Missing
Ighv1-16	ENSMUST00000103501	0.0	0.0	0.0	0.0	0.0	0.0	0.0	0.0	Missing
Ighv1-62-1	ENSMUST00000103503	0.0	0.0	0.0	0.0	0.0	0.0	0.0	0.0	Missing
Gm17577	ENSMUST00000179916	0.0	0.0	0.0	0.0	0.0	0.0	0.0	0.0	Missing
Ighv1-24	ENSMUST00000103509	0.0	0.0	0.0	0.0	0.0	0.0	0.0	0.0	Missing
Wrap73	ENSMUST00000142665	46.8473	0.5583	53.4196	0.7405	34.1233	0.3983	47.488	0.4483	Missing
Traj13	ENSMUST00000103728	0.0	0.0	0.0	0.0	0.0	0.0	0.0	0.0	Missing
Traj12	ENSMUST00000103729	0.0	0.0	0.0	0.0	0.0	0.0	0.0	0.0	Missing
Trav7-6	ENSMUST00000103641	0.0	0.0	0.0	0.0	0.0	0.0	0.0	0.0	Missing
Trav10d	ENSMUST00000103646	0.0	0.0	0.0	0.0	0.0	0.0	0.0	0.0	Missing
Tnfaip8	ENSMUST00000087655	7.508	0.0691	2.1611	0.0231	5.2332	0.0471	3.0663	0.0223	Missing
Mroh3	ENSMUST00000166708	0.0	0.0	0.0	0.0	0.0	0.0	0.0	0.0	Missing
Traj21	ENSMUST00000103720	0.0	0.0	0.0	0.0	0.0	0.0	0.0	0.0	Missing
Traj20	ENSMUST00000103721	0.0	0.0	0.0	0.0	0.0	0.0	0.0	0.0	Missing
Traj19	ENSMUST00000103722	0.0	0.0	0.0	0.0	0.0	0.0	0.0	0.0	Missing
Trav11d	ENSMUST00000103648	0.0	0.0	0.0	0.0	0.0	0.0	0.0	0.0	Missing
Clec7a	ENSMUST00000112076	0.1139	0.0024	0.1588	0.004	0.1141	0.0024	0.1343	0.0023	Missing
Traj16	ENSMUST00000103725	0.0	0.0	0.0	0.0	0.0	0.0	0.0	0.0	Missing
Traj15	ENSMUST00000103726	0.0	0.0	0.0	0.0	0.0	0.0	0.0	0.0	Missing
Traj14	ENSMUST00000103727	0.0	0.0	0.0	0.0	0.0	0.0	0.0	0.0	Missing
Zfp94	ENSMUST00000126580	0.0	0.0	4.5486	0.5476	0.0	0.0	0.0	0.0	Missing
G2e3	ENSMUST00000119211	84.9616	1.3892	108.008	2.057	127.895	2.0498	148.848	1.9272	Missing
Ccdc68	ENSMUST00000151773	0.0	0.0	1.0	0.1101	0.0	0.0	0.0	0.0	Missing
Ppp1r26	ENSMUST00000189694	69.7291	0.5959	52.4655	0.5209	46.506	0.389	55.0826	0.3729	Missing
Zfp229	ENSMUST00000182334	0.0	0.0	0.0	0.0	0.0	0.0	1.0	0.1302	Missing
2010109I03Rik	ENSMUST00000077004	0.0	0.0	0.0	0.0	0.0	0.0	0.0	0.0	Missing
Hyi	ENSMUST00000006562	0.0	0.0	0.0	0.0	0.0	0.0	0.0	0.0	Missing
Wrap73	ENSMUST00000132562	4.1383	0.3697	7.9627	0.848	7.6575	0.6799	4.5487	0.3205	Missing
Usp42	ENSMUST00000053287	946.165	8.5897	930.629	9.8177	977.878	8.6898	1249.34	8.9847	Missing
Gm15821	ENSMUST00000121995	14.6503	0.6268	7.8065	0.3923	12.2744	0.5174	20.7399	0.7017	Missing
Ighv8-4	ENSMUST00000192298	0.0	0.0	0.0	0.0	0.0	0.0	0.0	0.0	Missing
Rab15	ENSMUST00000121716	0.0	0.0	8.9973	0.8219	0.0	0.0	0.0	0.0	Missing
Psmc4	ENSMUST00000032824	2680.88	94.2773	2432.52	100.232	2774.43	95.9777	3778.15	105.104	Missing
Tnfaip8	ENSMUST00000153545	0.0	0.0	0.0	0.0	0.0	0.0	0.0	0.0	Missing
Vmn1r216	ENSMUST00000080253	0.0	0.0	0.0	0.0	0.0	0.0	0.0	0.0	Missing
Armc3	ENSMUST00000049255	0.0	0.0	0.0	0.0	1.0	0.0169	4.0	0.0546	Missing
Igkv17-134	ENSMUST00000168310	0.0	0.0	0.0	0.0	0.0	0.0	0.0	0.0	Missing
Tmem25	ENSMUST00000114705	0.0	0.0	24.0	0.4778	15.0	0.2513	19.0	0.2571	Missing
Ighv1-37	ENSMUST00000193950	0.0	0.0	0.0	0.0	0.0	0.0	0.0	0.0	Missing
Pi16	ENSMUST00000114701	1678.67	29.2379	843.292	17.113	719.467	12.2856	1093.33	15.0782	Missing
Fjx1	ENSMUST00000099678	416.0	6.3282	402.0	7.12	413.0	6.1568	525.0	6.3243	Missing
Ighv5-9	ENSMUST00000103448	0.0	0.0	0.0	0.0	0.0	0.0	0.0	0.0	Missing
Ighv1-31	ENSMUST00000195735	0.0	0.0	0.0	0.0	0.0	0.0	0.0	0.0	Missing
Ppp1r26	ENSMUST00000128199	0.0	0.0	0.0	0.0	0.0	0.0	0.0	0.0	Missing
Trav12d-1	ENSMUST00000181360	0.0	0.0	0.0	0.0	0.0	0.0	0.0	0.0	Missing
3010026O09Rik	ENSMUST00000020647	52.7544	2.4117	47.3072	2.5426	88.8543	4.0039	82.5571	2.9839	Missing
Oas1b	ENSMUST00000183291	239.562	6.4436	185.561	5.8328	317.519	8.3882	542.269	11.5433	Missing
2010109I03Rik	ENSMUST00000190826	22.8603	0.339	9.9371	0.1716	27.8527	0.4047	27.3003	0.3206	Missing
Tnfaip8	ENSMUST00000124175	0.0	0.0	0.0	0.0	0.0	0.0	0.0	0.0	Missing
Olfr339	ENSMUST00000071437	0.0	0.0	0.0	0.0	0.0	0.0	0.0	0.0	Missing
Mycbp	ENSMUST00000106202	17.9603	0.5879	5.187	0.1988	5.0342	0.162	2.6136	0.0677	Missing
Tnfaip8	ENSMUST00000155403	0.0	0.0	0.0	0.0	0.0	0.0	5.0	0.2795	Missing
Tmsb10	ENSMUST00000114049	257.229	21.5772	268.363	26.7927	223.821	18.6419	391.14	25.8876	Missing
Trav3-3	ENSMUST00000181768	0.0	0.0	0.0	0.0	0.0	0.0	0.0	0.0	Missing
Trav21-dv12	ENSMUST00000180938	0.0	0.0	0.0	0.0	0.0	0.0	0.0	0.0	Missing
Igkv2-112	ENSMUST00000103319	0.0	0.0	0.0	0.0	0.0	0.0	0.0	0.0	Missing
Pygo2	ENSMUST00000060061	1816.82	27.0574	1483.06	25.7131	1800.63	26.2781	1748.16	20.6173	Missing
Trav13-4-dv7	ENSMUST00000184905	0.0	0.0	0.0	0.0	0.0	0.0	0.0	0.0	Missing
Gm28374	ENSMUST00000162374	1.5031	0.1178	6.2061	0.5779	9.7104	0.7549	4.7744	0.2954	Missing
AB124611	ENSMUST00000076326	0.0	0.0	0.0	0.0	0.0	0.0	0.0	0.0	Missing
missing	ENSMUST00000128816	72.9337	2.2884	99.961	3.6705	83.7174	2.5821	165.966	4.1202	Missing
Trav3-1	ENSMUST00000103569	0.0	0.0	0.0	0.0	0.0	0.0	0.0	0.0	Missing
Slc22a13b-ps	ENSMUST00000173185	0.0	0.0	5.0	0.2032	12.0	0.4094	4.3208	0.1186	Missing
Ighv9-4	ENSMUST00000194159	0.0	0.0	0.0	0.0	0.0	0.0	0.0	0.0	Missing
Myc	ENSMUST00000161976	456.108	9.4609	368.636	8.9184	535.521	10.8973	457.398	7.5111	Missing
Trav1	ENSMUST00000185651	0.0	0.0	0.0	0.0	0.0	0.0	0.0	0.0	Missing
Adhfe1	ENSMUST00000027044	115.312	2.7953	125.616	3.5556	311.283	7.4076	386.579	7.4175	5.3224	0.0297	0.8476
Trav8-1	ENSMUST00000103643	0.0	0.0	0.0	0.0	0.0	0.0	0.0	0.0	Missing
Ighd5-7	ENSMUST00000178483	0.0	0.0	0.0	0.0	0.0	0.0	0.0	0.0	Missing
Col22a1	ENSMUST00000159410	0.0	0.0	0.0	0.0	0.0	0.0	0.0	0.0	Missing
Tmem25	ENSMUST00000132020	0.0	0.0	0.0	0.0	0.0	0.0	0.0	0.0	Missing
Zfp229	ENSMUST00000182923	0.0	0.0	0.0	0.0	0.0	0.0	0.0	0.0	Missing
Mycbp	ENSMUST00000147340	0.0	0.0	18.4025	14.2434	20.4849	12.5922	4.7547	2.1808	Missing
Igkv4-53	ENSMUST00000166380	0.0	0.0	0.0	0.0	0.0	0.0	0.0	0.0	Missing
Trbv23	ENSMUST00000193997	0.0	0.0	0.0	0.0	0.0	0.0	0.0	0.0	Missing
Ppp1r26	ENSMUST00000040324	35.5446	0.3036	26.3357	0.2613	23.7612	0.1986	26.4122	0.1787	Missing
Igkv2-95-2	ENSMUST00000166362	0.0	0.0	0.0	0.0	0.0	0.0	0.0	0.0	Missing
Ighv1-19	ENSMUST00000193855	0.0	0.0	0.0	0.0	0.0	0.0	0.0	0.0	Missing
Steap1	ENSMUST00000015796	1232.88	51.7758	1232.77	60.793	902.564	37.3348	1291.52	42.8901	7.0512	0.0237	-0.3413
Rab15	ENSMUST00000134124	1.7471	0.0853	0.0	0.0	4.0519	0.1951	9.0115	0.3477	Missing
Trav6d-4	ENSMUST00000183820	0.0	0.0	0.0	0.0	0.0	0.0	0.0	0.0	Missing
Olfr1143	ENSMUST00000090708	0.0	0.0	0.0	0.0	0.0	0.0	0.0	0.0	Missing
Vmn1r238	ENSMUST00000165255	0.0	0.0	0.0	0.0	0.0	0.0	0.0	0.0	Missing
Steap1	ENSMUST00000169542	6.117	0.4922	5.2273	0.5001	5.4364	0.4341	5.4778	0.3478	Missing
Bcorl1	ENSMUST00000156703	3.9533	0.1775	16.1295	0.8513	1.3033	0.0577	3.8548	0.1369	Missing
H2-Q5	ENSMUST00000172979	0.0	0.0	0.0	0.0	2.2837	0.1205	4.8672	0.2057	Missing
Trav6-3	ENSMUST00000183604	0.0	0.0	0.0	0.0	0.0	0.0	0.0	0.0	Missing
Ighv8-2	ENSMUST00000195037	0.0	0.0	0.0	0.0	0.0	0.0	0.0	0.0	Missing
Igha	ENSMUST00000194738	0.0	0.0	0.0	0.0	0.0	0.0	0.0	0.0	Missing
Ighv8-12	ENSMUST00000103540	0.0	0.0	0.0	0.0	0.0	0.0	0.0	0.0	Missing
Ighv1-72	ENSMUST00000103541	0.0	0.0	0.0	0.0	0.0	0.0	0.0	0.0	Missing
Ighv8-13	ENSMUST00000103542	0.0	0.0	0.0	0.0	0.0	0.0	0.0	0.0	Missing
Traj18	ENSMUST00000103723	0.0	0.0	0.0	0.0	0.0	0.0	0.0	0.0	Missing
Cdk3-ps	ENSMUST00000174248	1.4943	0.1831	3.0	0.4432	0.0361	0.0044	0.0	0.0	Missing
Ighv9-2	ENSMUST00000103472	0.0	0.0	0.0	0.0	0.0	0.0	0.0	0.0	Missing
Ighd5-3	ENSMUST00000179262	0.0	0.0	0.0	0.0	0.0	0.0	0.0	0.0	Missing
Ighv1-80	ENSMUST00000103547	0.0	0.0	0.0	0.0	0.0	0.0	0.0	0.0	Missing
Ighv1-81	ENSMUST00000103548	0.0	0.0	0.0	0.0	0.0	0.0	0.0	0.0	Missing
Traj17	ENSMUST00000103724	0.0	0.0	0.0	0.0	0.0	0.0	0.0	0.0	Missing
Hs3st2	ENSMUST00000084628	0.0	0.0	0.0	0.0	0.0	0.0	0.0	0.0	Missing
Trav13-4-dv7	ENSMUST00000180380	0.0	0.0	0.0	0.0	0.0	0.0	0.0	0.0	Missing
Fam179a	ENSMUST00000097284	0.0	0.0	0.0	0.0	0.0	0.0	0.0	0.0	Missing
Tmem53	ENSMUST00000145836	47.6336	1.8821	2.3797	0.1103	33.348	1.2972	40.2581	1.258	Missing
Usp42	ENSMUST00000141396	92.5176	1.7467	0.0	0.0	0.0	0.0	96.8627	1.4479	Missing
Ighg2c	ENSMUST00000195192	0.0	0.0	2.0	0.111	0.0	0.0	1.0	0.0373	Missing
Grm7	ENSMUST00000071076	5.6494	0.0861	15.1462	0.2689	0.0	0.0	15.9277	0.1923	Missing
Igkv4-55	ENSMUST00000103359	0.0	0.0	0.0	0.0	0.0	0.0	0.0	0.0	Missing
missing	ENSMUST00000103358	0.0	0.0	0.0	0.0	0.0	0.0	0.0	0.0	Missing
Vmn1r135	ENSMUST00000170931	0.0	0.0	0.0	0.0	0.0	0.0	0.0	0.0	Missing
Igkv4-58	ENSMUST00000103355	0.0	0.0	0.0	0.0	0.0	0.0	0.0	0.0	Missing
Igkv4-59	ENSMUST00000103354	0.0	0.0	0.0	0.0	0.0	0.0	0.0	0.0	Missing
Igkv4-57	ENSMUST00000103357	0.0	0.0	0.0	0.0	0.0	0.0	0.0	0.0	Missing
Igkv4-57-1	ENSMUST00000103356	0.0	0.0	0.0	0.0	0.0	0.0	0.0	0.0	Missing
Igkv4-63	ENSMUST00000103351	0.0	0.0	0.0	0.0	0.0	0.0	0.0	0.0	Missing
Trdv1	ENSMUST00000187163	0.0	0.0	0.0	0.0	0.0	0.0	0.0	0.0	Missing
Igkv4-61	ENSMUST00000103353	0.0	0.0	0.0	0.0	0.0	0.0	0.0	0.0	Missing
Trav5-1	ENSMUST00000103570	0.0	0.0	0.0	0.0	0.0	0.0	0.0	0.0	Missing
Rbm17	ENSMUST00000195047	38.7865	8.7993	0.0	0.0	49.8518	11.5005	54.9914	9.7647	Missing
Ighv14-3	ENSMUST00000103469	0.0	0.0	0.0	0.0	0.0	0.0	0.0	0.0	Missing
Ighv5-16	ENSMUST00000193652	0.0	0.0	0.0	0.0	0.0	0.0	0.0	0.0	Missing
Clec4g	ENSMUST00000159612	0.0	0.0	0.0	0.0	0.0	0.0	0.0	0.0	Missing
Ighv14-1	ENSMUST00000103463	0.0	0.0	0.0	0.0	0.0	0.0	0.0	0.0	Missing
Ighv7-2	ENSMUST00000103462	0.0	0.0	0.0	0.0	0.0	0.0	0.0	0.0	Missing
Ighv7-3	ENSMUST00000103461	0.0	0.0	0.0	0.0	0.0	0.0	0.0	0.0	Missing
Jhy	ENSMUST00000162122	0.0	0.0	0.0	0.0	0.0	0.0	0.0	0.0	Missing
Ighv14-2	ENSMUST00000103467	0.0	0.0	0.0	0.0	0.0	0.0	0.0	0.0	Missing
Ighv11-1	ENSMUST00000103466	0.0	0.0	0.0	0.0	0.0	0.0	0.0	0.0	Missing
Ighv4-1	ENSMUST00000103464	0.0	0.0	0.0	0.0	0.0	0.0	0.0	0.0	Missing
Grm7	ENSMUST00000174018	0.0	0.0	0.0	0.0	0.0	0.0	0.0	0.0	Missing
Glrb	ENSMUST00000193031	33.7377	1.0413	16.2003	0.5851	56.7397	1.7213	58.2019	1.4214	Missing
Trav7n-4	ENSMUST00000103609	0.0	0.0	0.0	0.0	0.0	0.0	0.0	0.0	Missing
Trav14d-3-dv8	ENSMUST00000103608	0.0	0.0	0.0	0.0	0.0	0.0	0.0	0.0	Missing
Trav13d-4	ENSMUST00000103607	0.0	0.0	0.0	0.0	0.0	0.0	0.0	0.0	Missing
Trav16d-dv11	ENSMUST00000103606	0.0	0.0	0.0	0.0	0.0	0.0	0.0	0.0	Missing
Ighd	ENSMUST00000192250	0.0	0.0	0.0	0.0	0.0	0.0	0.0	0.0	Missing
Gm21943	ENSMUST00000178181	0.0	0.0	0.0	0.0	0.0	0.0	0.0	0.0	Missing
Fam179a	ENSMUST00000129072	16.3265	0.2438	0.0	0.0	0.0	0.0	1.2973	0.0153	Missing
Trav4d-4	ENSMUST00000103600	0.0	0.0	0.0	0.0	0.0	0.0	0.0	0.0	Missing
Vps51	ENSMUST00000161222	37.7754	5.418	24.2977	4.2278	27.8783	4.0142	45.1077	5.0894	Missing
Gm3259	ENSMUST00000161225	0.0	0.0	0.0	0.0	0.0	0.0	0.0	0.0	Missing
Trim43b	ENSMUST00000189557	0.0	0.0	0.0	0.0	0.0	0.0	0.0	0.0	Missing
Pla2g2a	ENSMUST00000135748	0.0	0.0	0.0	0.0	0.0	0.0	0.0	0.0	Missing
Kctd19	ENSMUST00000167294	2.0	0.0321	0.0	0.0	0.0	0.0	5.0	0.0635	Missing
Pydc3	ENSMUST00000182880	8.2711	0.1342	1.0	0.0189	0.0	0.0	7.061	0.0907	Missing
1700010I14Rik	ENSMUST00000136954	2.201	0.0693	0.0	0.0	0.0	0.0	0.0	0.0	Missing
Trav3d-3	ENSMUST00000103599	0.0	0.0	0.0	0.0	0.0	0.0	0.0	0.0	Missing
Ccdc68	ENSMUST00000135428	0.0	0.0	0.0	0.0	0.0	0.0	0.0	0.0	Missing
Gbp11	ENSMUST00000100960	30.7313	0.5487	1.8555	0.0386	54.8396	0.9601	67.3518	0.9522	Missing
Gm8453	ENSMUST00000167253	0.0	0.0	0.0	0.0	0.0	0.0	0.0	0.0	Missing
Pygo2	ENSMUST00000146037	9.2239	1.3615	0.0	0.0	28.8869	4.2836	15.5874	1.8096	Missing
Trbc1	ENSMUST00000192856	0.0	0.0	0.0	0.0	0.0	0.0	0.0	0.0	Missing
Calm3	ENSMUST00000173557	217.63	29.6263	81.9695	13.5116	64.9622	8.8666	551.22	59.052	Missing
Ighv5-2	ENSMUST00000195468	0.0	0.0	0.0	0.0	0.0	0.0	0.0	0.0	Missing
Ighv1-12	ENSMUST00000195469	0.0	0.0	0.0	0.0	0.0	0.0	0.0	0.0	Missing
Pou4f1	ENSMUST00000053016	2.0	0.0211	0.0	0.0	7.0312	0.0728	2.0014	0.0168	Missing
Wrap73	ENSMUST00000030895	431.014	13.505	363.443	13.3268	475.219	14.6368	569.963	14.1301	Missing
Ighv2-6-8	ENSMUST00000192911	0.0	0.0	0.0	0.0	0.0	0.0	0.0	0.0	Missing
Vps51	ENSMUST00000160324	0.0	0.0	0.0	0.0	0.0	0.0	2.3175	0.1757	Missing
Igkv18-36	ENSMUST00000103373	0.0	0.0	0.0	0.0	0.0	0.0	0.0	0.0	Missing
Rab15	ENSMUST00000122419	0.0	0.0	0.0	0.0	0.0	0.0	0.0	0.0	Missing
Llph	ENSMUST00000130198	55.6157	4.2708	124.574	11.3595	50.296	3.8297	75.7561	4.5917	Missing
Trav5d-4	ENSMUST00000179701	0.0	0.0	0.0	0.0	0.0	0.0	0.0	0.0	Missing
Igkv5-37	ENSMUST00000103372	0.0	0.0	0.0	0.0	0.0	0.0	0.0	0.0	Missing
Zfp94	ENSMUST00000032673	141.96	2.7083	102.802	2.2863	125.294	2.3443	150.978	2.2805	Missing
Cdk3-ps	ENSMUST00000174177	0.0	0.0	0.0	0.0	0.0	0.0	0.0	0.0	Missing
missing	ENSMUST00000152341	26.2788	3.2115	25.1739	3.7085	25.2237	3.0836	5.592	0.5383	Missing
Mx2	ENSMUST00000188251	313.786	6.271	182.978	4.2641	558.433	10.9469	882.884	13.9691	6.018	0.0278	0.8652
Trav8d-2	ENSMUST00000103605	0.0	0.0	0.0	0.0	0.0	0.0	0.0	0.0	Missing
Trav6d-5	ENSMUST00000180687	0.0	0.0	0.0	0.0	0.0	0.0	0.0	0.0	Missing
Traj61	ENSMUST00000165025	0.0	0.0	0.0	0.0	0.0	0.0	0.0	0.0	Missing
Trav3-4	ENSMUST00000103670	0.0	0.0	0.0	0.0	0.0	0.0	0.0	0.0	Missing
Col22a1	ENSMUST00000160513	2.7227	0.2423	3.0303	0.3214	2.0989	0.1856	0.0	0.0	Missing
Trdv1	ENSMUST00000103676	0.0	0.0	0.0	0.0	0.0	0.0	0.0	0.0	Missing
Trav6-5	ENSMUST00000181210	0.0	0.0	0.0	0.0	0.0	0.0	0.0	0.0	Missing
Mycn	ENSMUST00000130990	9.0	0.1722	13.0	0.29	2.0	0.0375	6.0	0.0909	Missing
Trdv2-2	ENSMUST00000103678	0.0	0.0	0.0	0.0	0.0	0.0	0.0	0.0	Missing
Trdv4	ENSMUST00000103679	5.0	1.1455	1.0	0.2847	13.0	3.0296	2.0	0.3585	Missing
G430095P16Rik	ENSMUST00000098571	2.0483	0.1625	24.3513	2.2961	7.1669	0.5641	16.4088	1.0274	Missing
Igkv3-2	ENSMUST00000103403	0.0	0.0	0.0	0.0	0.0	0.0	0.0	0.0	Missing
Trav17	ENSMUST00000103672	0.0	0.0	0.0	0.0	0.0	0.0	0.0	0.0	Missing
Trav18	ENSMUST00000103673	0.0	0.0	0.0	0.0	0.0	0.0	0.0	0.0	Missing
Trav6n-6	ENSMUST00000181793	0.0	0.0	0.0	0.0	0.0	0.0	0.0	0.0	Missing
Igkv8-30	ENSMUST00000103378	0.0	0.0	0.0	0.0	0.0	0.0	0.0	0.0	Missing
Clec7a	ENSMUST00000184581	0.0	0.0	0.0	0.0	0.0	0.0	0.0	0.0	Missing
Trdv2-1	ENSMUST00000103677	0.0	0.0	0.0	0.0	0.0	0.0	0.0	0.0	Missing
Trav19	ENSMUST00000103674	0.0	0.0	0.0	0.0	0.0	0.0	0.0	0.0	Missing
